18
hg38       0.0000000 0.0175431 0.0175431 0.0775228 0.0780147 0.1253581 0.1253581 0.1219534 0.1003873 0.1423833 0.3848189 0.4967955 0.7025618 1.0944177 1.0015953 1.0531591 1.1533106 1.1066667 
panTro4    0.0175431 0.0000000 0.0000010 0.0559582 0.0745267 0.1198151 0.1198151 0.1166578 0.0959366 0.1363710 0.3702378 0.4781277 0.6796256 1.0627542 0.9709887 0.9858991 1.1211014 1.0719520 
panPan1    0.0175431 0.0000010 0.0000000 0.0559582 0.0745267 0.1198151 0.1198151 0.1166578 0.0959366 0.1363710 0.3702378 0.4781277 0.6796256 1.0627542 0.9709887 0.9858991 1.1211014 1.0719520 
ponAbe2    0.0775228 0.0559582 0.0559582 0.0000000 0.0528157 0.0944859 0.0944859 0.0920405 0.0725666 0.1108473 0.3287774 0.4295415 0.6762356 1.0131426 0.8998967 0.9341822 1.0977162 0.9588387 
nomLeu3    0.0780147 0.0745267 0.0745267 0.0528157 0.0000000 0.0540013 0.0540013 0.0526068 0.0345789 0.0703958 0.2980588 0.3918602 0.5661820 0.9410684 0.8000005 0.9689861 1.0171925 0.9807447 
rheMac3    0.1253581 0.1198151 0.1198151 0.0944859 0.0540013 0.0000000 0.0000010 0.0354125 0.0174661 0.0532814 0.2652067 0.3519671 0.6149876 0.9387562 0.7765760 0.9302828 1.0811128 1.0476467 
macFas5    0.1253581 0.1198151 0.1198151 0.0944859 0.0540013 0.0000010 0.0000000 0.0354125 0.0174661 0.0532814 0.2652067 0.3519671 0.6149876 0.9387562 0.7765760 0.9302828 1.0811128 1.0476467 
chlSab2    0.1219534 0.1166578 0.1166578 0.0920405 0.0526068 0.0354125 0.0354125 0.0000000 0.0170065 0.0519222 0.3001568 0.3948865 0.5332587 0.8260496 0.7673106 0.9691335 0.9537727 0.9178123 
nasLar1    0.1003873 0.0959366 0.0959366 0.0725666 0.0345789 0.0174661 0.0174661 0.0170065 0.0000000 0.0341358 0.2744916 0.3656048 0.5651435 0.8688766 0.7294896 0.9234111 1.0032585 0.9662545 
rhiRox1    0.1423833 0.1363710 0.1363710 0.1108473 0.0703958 0.0532814 0.0532814 0.0519222 0.0341358 0.0000000 0.3228064 0.4200839 0.6260011 0.9455593 0.7985252 1.0066630 1.0103612 1.0144375 
calJac3    0.3848189 0.3702378 0.3702378 0.3287774 0.2980588 0.2652067 0.2652067 0.3001568 0.2744916 0.3228064 0.0000000 0.0897412 0.7234224 1.0181296 0.8745474 0.9412276 0.9582794 1.3273150 
saiBol1    0.4967955 0.4781277 0.4781277 0.4295415 0.3918602 0.3519671 0.3519671 0.3948865 0.3656048 0.4200839 0.0897412 0.0000000 0.8262688 1.1762481 0.8870115 1.2362122 1.0813641 1.3626384 
tarSyr2    0.7025618 0.6796256 0.6796256 0.6762356 0.5661820 0.6149876 0.6149876 0.5332587 0.5651435 0.6260011 0.7234224 0.8262688 0.0000000 0.9269920 0.9451344 0.9552438 1.0130029 0.9057801 
micMur1    1.0944177 1.0627542 1.0627542 1.0131426 0.9410684 0.9387562 0.9387562 0.8260496 0.8688766 0.9455593 1.0181296 1.1762481 0.9269920 0.0000000 0.8527361 1.1359024 0.9901772 1.1766890 
otoGar3    1.0015953 0.9709887 0.9709887 0.8998967 0.8000005 0.7765760 0.7765760 0.7673106 0.7294896 0.7985252 0.8745474 0.8870115 0.9451344 0.8527361 0.0000000 1.1677615 1.4830752 1.1876052 
tupBel1    1.0531591 0.9858991 0.9858991 0.9341822 0.9689861 0.9302828 0.9302828 0.9691335 0.9234111 1.0066630 0.9412276 1.2362122 0.9552438 1.1359024 1.1677615 0.0000000 1.4816244 1.1352697 
mm10       1.1533106 1.1211014 1.1211014 1.0977162 1.0171925 1.0811128 1.0811128 0.9537727 1.0032585 1.0103612 0.9582794 1.0813641 1.0130029 0.9901772 1.4830752 1.4816244 0.0000000 1.2879951 
canFam3    1.1066667 1.0719520 1.0719520 0.9588387 0.9807447 1.0476467 1.0476467 0.9178123 0.9662545 1.0144375 1.3273150 1.3626384 0.9057801 1.1766890 1.1876052 1.1352697 1.2879951 0.0000000 
