10
hg38       0.0000000 0.0000010 0.1844265 0.1956864 0.1956864 0.3765087 0.3765087 0.4013292 0.5918242 0.6901273 
panTro4    0.0000010 0.0000000 0.1844265 0.1956864 0.1956864 0.3765087 0.3765087 0.4013292 0.5918242 0.6901273 
gorGor3    0.1844265 0.1844265 0.0000000 0.3992140 0.3992140 0.4825322 0.4825322 0.5918242 0.4002653 0.4596963 
ponAbe2    0.1956864 0.1956864 0.3992140 0.0000000 0.0000010 0.1747585 0.1747585 0.1838213 0.3718480 0.4209236 
nomLeu3    0.1956864 0.1956864 0.3992140 0.0000010 0.0000000 0.1747585 0.1747585 0.1838213 0.3718480 0.4209236 
nasLar1    0.3765087 0.3765087 0.4825322 0.1747585 0.1747585 0.0000000 0.0000010 0.3530223 0.4419818 0.5171727 
rhiRox1    0.3765087 0.3765087 0.4825322 0.1747585 0.1747585 0.0000010 0.0000000 0.3530223 0.4419818 0.5171727 
calJac3    0.4013292 0.4013292 0.5918242 0.1838213 0.1838213 0.3530223 0.3530223 0.0000000 0.1825081 0.6275492 
tarSyr2    0.5918242 0.5918242 0.4002653 0.3718480 0.3718480 0.4419818 0.4419818 0.1825081 0.0000000 0.4216858 
tupBel1    0.6901273 0.6901273 0.4596963 0.4209236 0.4209236 0.5171727 0.5171727 0.6275492 0.4216858 0.0000000 
