10
hg38       0.0000000 0.0000010 0.0617233 0.0608775 0.0895596 0.0598499 0.1280513 0.1877383 0.3148184 0.1217522 
panTro4    0.0000010 0.0000000 0.0617233 0.0608775 0.0895596 0.0598499 0.1280513 0.1877383 0.3148184 0.1217522 
calJac3    0.0617233 0.0617233 0.0000000 0.0617579 0.1559394 0.0924399 0.1700757 0.2624203 0.3830425 0.1910802 
saiBol1    0.0608775 0.0608775 0.0617579 0.0000000 0.1301392 0.1233040 0.1979932 0.2295213 0.3766887 0.1883578 
tarSyr2    0.0895596 0.0895596 0.1559394 0.1301392 0.0000000 0.0887438 0.1579461 0.1203971 0.3445217 0.0884719 
micMur1    0.0598499 0.0598499 0.0924399 0.1233040 0.0887438 0.0000000 0.0907907 0.1859763 0.3116876 0.1206262 
otoGar3    0.1280513 0.1280513 0.1700757 0.1979932 0.1579461 0.0907907 0.0000000 0.2319102 0.3241324 0.1933328 
tupBel1    0.1877383 0.1877383 0.2624203 0.2295213 0.1203971 0.1859763 0.2319102 0.0000000 0.3928217 0.1219210 
mm10       0.3148184 0.3148184 0.3830425 0.3766887 0.3445217 0.3116876 0.3241324 0.3928217 0.0000000 0.2367058 
canFam3    0.1217522 0.1217522 0.1910802 0.1883578 0.0884719 0.1206262 0.1933328 0.1219210 0.2367058 0.0000000 
