6
hg38       0.0000000 0.0000010 0.0294875 0.0290614 0.0288512 0.0289674 
panTro4    0.0000010 0.0000000 0.0294875 0.0290614 0.0288512 0.0289674 
rheMac3    0.0294875 0.0294875 0.0000000 0.0299954 0.0592520 0.0595046 
rhiRox1    0.0290614 0.0290614 0.0299954 0.0000000 0.0583852 0.0586302 
tupBel1    0.0288512 0.0288512 0.0592520 0.0583852 0.0000000 0.0582111 
mm10       0.0289674 0.0289674 0.0595046 0.0586302 0.0582111 0.0000000 
