10
hg38       0.0000000 0.0000010 0.1529879 0.0348948 0.0704085 0.0348948 0.0706467 0.1073008 0.1125941 0.0706282 
panTro4    0.0000010 0.0000000 0.1529879 0.0348948 0.0704085 0.0348948 0.0706467 0.1073008 0.1125941 0.0706282 
calJac3    0.1529879 0.1529879 0.0000000 0.1142323 0.1536286 0.1940298 0.2359868 0.0371152 0.2030641 0.1533554 
saiBol1    0.0348948 0.0348948 0.1142323 0.0000000 0.0350104 0.0707703 0.1075156 0.0711299 0.1522585 0.1074773 
tarSyr2    0.0704085 0.0704085 0.1536286 0.0350104 0.0000000 0.0742895 0.1127406 0.1077006 0.1920780 0.1446924 
micMur1    0.0348948 0.0348948 0.1940298 0.0707703 0.0742895 0.0000000 0.0351269 0.1452048 0.1522585 0.1074773 
otoGar3    0.0706467 0.0706467 0.2359868 0.1075156 0.1127406 0.0351269 0.0000000 0.1840064 0.1928039 0.1452053 
tupBel1    0.1073008 0.1073008 0.0371152 0.0711299 0.1077006 0.1452048 0.1840064 0.0000000 0.1518007 0.1075340 
mm10       0.1125941 0.1125941 0.2030641 0.1522585 0.1920780 0.1522585 0.1928039 0.1518007 0.0000000 0.1926846 
canFam3    0.0706282 0.0706282 0.1533554 0.1074773 0.1446924 0.1074773 0.1452053 0.1075340 0.1926846 0.0000000 
