16
hg38       0.0000000 0.0000010 0.0416054 0.0416054 0.1237797 0.0823101 0.0367970 0.0367970 0.0389768 0.0835185 0.5061318 0.1906379 0.1824623 0.3662170 0.6633596 0.6863121 
panTro4    0.0000010 0.0000000 0.0416054 0.0416054 0.1237797 0.0823101 0.0367970 0.0367970 0.0389768 0.0835185 0.5061318 0.1906379 0.1824623 0.3662170 0.6633596 0.6863121 
rheMac3    0.0416054 0.0416054 0.0000000 0.0000010 0.0703982 0.0348068 0.0823101 0.0823101 0.0348068 0.0747909 0.4848807 0.2209504 0.2121783 0.3540125 0.6746767 0.6971123 
macFas5    0.0416054 0.0416054 0.0000010 0.0000000 0.0703982 0.0348068 0.0823101 0.0823101 0.0348068 0.0747909 0.4848807 0.2209504 0.2121783 0.3540125 0.6746767 0.6971123 
papAnu2    0.1237797 0.1237797 0.0703982 0.0703982 0.0000000 0.0357259 0.0845030 0.0845030 0.1076377 0.1558996 0.3488946 0.3364556 0.3228418 0.5077702 0.7017266 0.7243869 
chlSab2    0.0823101 0.0823101 0.0348068 0.0348068 0.0357259 0.0000000 0.0428633 0.0428633 0.0703982 0.1137454 0.4134411 0.2740194 0.2630592 0.4247243 0.7918372 0.6178616 
nasLar1    0.0367970 0.0367970 0.0823101 0.0823101 0.0845030 0.0428633 0.0000000 0.0000010 0.0782947 0.1258416 0.4337607 0.2447798 0.2340380 0.4399440 0.7799410 0.6059295 
rhiRox1    0.0367970 0.0367970 0.0823101 0.0823101 0.0845030 0.0428633 0.0000010 0.0000000 0.0782947 0.1258416 0.4337607 0.2447798 0.2340380 0.4399440 0.7799410 0.6059295 
calJac3    0.0389768 0.0389768 0.0348068 0.0348068 0.1076377 0.0703982 0.0782947 0.0782947 0.0000000 0.0381435 0.4134411 0.2233136 0.2144437 0.3290736 0.6774958 0.6997390 
saiBol1    0.0835185 0.0835185 0.0747909 0.0747909 0.1558996 0.1137454 0.1258416 0.1258416 0.0381435 0.0000000 0.4130603 0.2232354 0.2702870 0.3685164 0.7160136 0.6993374 
tarSyr2    0.5061318 0.5061318 0.4848807 0.4848807 0.3488946 0.4134411 0.4337607 0.4337607 0.4134411 0.4130603 0.0000000 0.4234313 0.5822150 0.8161826 0.7198880 0.6069482 
micMur1    0.1906379 0.1906379 0.2209504 0.2209504 0.3364556 0.2740194 0.2447798 0.2447798 0.2233136 0.2232354 0.4234313 0.0000000 0.0832658 0.2993587 0.4372302 0.3716939 
otoGar3    0.1824623 0.1824623 0.2121783 0.2121783 0.3228418 0.2630592 0.2340380 0.2340380 0.2144437 0.2702870 0.5822150 0.0832658 0.0000000 0.3418285 0.5265723 0.3827009 
tupBel1    0.3662170 0.3662170 0.3540125 0.3540125 0.5077702 0.4247243 0.4399440 0.4399440 0.3290736 0.3685164 0.8161826 0.2993587 0.3418285 0.0000000 0.5967691 0.9329819 
mm10       0.6633596 0.6633596 0.6746767 0.6746767 0.7017266 0.7918372 0.7799410 0.7799410 0.6774958 0.7160136 0.7198880 0.4372302 0.5265723 0.5967691 0.0000000 1.1659640 
canFam3    0.6863121 0.6863121 0.6971123 0.6971123 0.7243869 0.6178616 0.6059295 0.6059295 0.6997390 0.6993374 0.6069482 0.3716939 0.3827009 0.9329819 1.1659640 0.0000000 
