12
hg38       0.0000000 0.0000010 0.0218316 0.0438546 0.0218217 0.0218217 0.0218316 0.0218917 0.0000010 0.0224817 0.0662697 0.0660707 
panTro4    0.0000010 0.0000000 0.0218316 0.0438546 0.0218217 0.0218217 0.0218316 0.0218917 0.0000010 0.0224817 0.0662697 0.0660707 
ponAbe2    0.0218316 0.0218316 0.0000000 0.0217159 0.0438546 0.0438546 0.0000010 0.0440058 0.0224817 0.0451774 0.0887249 0.0884401 
rheMac3    0.0438546 0.0438546 0.0217159 0.0000000 0.0217292 0.0217292 0.0217159 0.0662915 0.0451589 0.0680322 0.1112863 0.0657818 
macFas5    0.0218217 0.0218217 0.0438546 0.0217292 0.0000000 0.0000010 0.0438546 0.0439881 0.0224712 0.0451589 0.0886996 0.0436656 
papAnu2    0.0218217 0.0218217 0.0438546 0.0217292 0.0000010 0.0000000 0.0438546 0.0439881 0.0224712 0.0451589 0.0886996 0.0436656 
calJac3    0.0218316 0.0218316 0.0000010 0.0217159 0.0438546 0.0438546 0.0000000 0.0440058 0.0224817 0.0451774 0.0887249 0.0884401 
tarSyr2    0.0218917 0.0218917 0.0440058 0.0662915 0.0439881 0.0439881 0.0440058 0.0000000 0.0225456 0.0453198 0.0890496 0.0887622 
micMur1    0.0000010 0.0000010 0.0224817 0.0451589 0.0224712 0.0224712 0.0224817 0.0225456 0.0000000 0.0224817 0.0682442 0.0680322 
tupBel1    0.0224817 0.0224817 0.0451774 0.0680322 0.0451589 0.0451589 0.0451774 0.0453198 0.0224817 0.0000000 0.0450638 0.0449344 
mm10       0.0662697 0.0662697 0.0887249 0.1112863 0.0886996 0.0886996 0.0887249 0.0890496 0.0682442 0.0450638 0.0000000 0.0435357 
canFam3    0.0660707 0.0660707 0.0884401 0.0657818 0.0436656 0.0436656 0.0884401 0.0887622 0.0680322 0.0449344 0.0435357 0.0000000 
