17
hg38       0.0000000 0.0000010 0.0338400 0.0336287 0.0336287 0.1213251 0.1033164 0.0855965 0.0855965 0.0685480 0.1036904 0.2367257 0.2177531 0.2068390 0.4095138 0.5513282 0.3387303 
panTro4    0.0000010 0.0000000 0.0338400 0.0336287 0.0336287 0.1213251 0.1033164 0.0855965 0.0855965 0.0685480 0.1036904 0.2367257 0.2177531 0.2068390 0.4095138 0.5513282 0.3387303 
gorGor3    0.0338400 0.0338400 0.0000000 0.0686522 0.0686522 0.1221621 0.1040237 0.0861784 0.0861784 0.0690140 0.1044028 0.2384512 0.2193340 0.2083899 0.4248857 0.5561187 0.3414123 
ponAbe2    0.0336287 0.0336287 0.0686522 0.0000000 0.0000010 0.0840573 0.0668264 0.0498418 0.0498418 0.0332633 0.0670619 0.2115746 0.1953617 0.1789344 0.3821921 0.4879341 0.3236928 
nomLeu3    0.0336287 0.0336287 0.0686522 0.0000010 0.0000000 0.0840573 0.0668264 0.0498418 0.0498418 0.0332633 0.0670619 0.2115746 0.1953617 0.1789344 0.3821921 0.4879341 0.3236928 
rheMac3    0.1213251 0.1213251 0.1221621 0.0840573 0.0840573 0.0000000 0.0163569 0.0329501 0.0329501 0.0844912 0.0833341 0.2691433 0.2530076 0.2217164 0.3923126 0.5420668 0.3881990 
macFas5    0.1033164 0.1033164 0.1040237 0.0668264 0.0668264 0.0163569 0.0000000 0.0163751 0.0163751 0.0671690 0.1015778 0.2494803 0.2333343 0.2018551 0.3699244 0.5163867 0.3660289 
papAnu2    0.0855965 0.0855965 0.0861784 0.0498418 0.0498418 0.0329501 0.0163751 0.0000000 0.0000010 0.0500965 0.0841694 0.2302059 0.2140442 0.1823717 0.3933803 0.4912811 0.3443428 
chlSab2    0.0855965 0.0855965 0.0861784 0.0498418 0.0498418 0.0329501 0.0163751 0.0000010 0.0000000 0.0500965 0.0841694 0.2302059 0.2140442 0.1823717 0.3933803 0.4912811 0.3443428 
calJac3    0.0685480 0.0685480 0.0690140 0.0332633 0.0332633 0.0844912 0.0671690 0.0500965 0.0500965 0.0000000 0.0674079 0.2127255 0.1789401 0.1799219 0.3966445 0.4911356 0.3070540 
saiBol1    0.1036904 0.1036904 0.1044028 0.0670619 0.0670619 0.0833341 0.1015778 0.0841694 0.0841694 0.0674079 0.0000000 0.2503829 0.2341874 0.2178918 0.4215189 0.5166040 0.3674126 
tarSyr2    0.2367257 0.2367257 0.2384512 0.2115746 0.2115746 0.2691433 0.2494803 0.2302059 0.2302059 0.2127255 0.2503829 0.0000000 0.2085153 0.2320446 0.4437337 0.4693152 0.3298738 
micMur1    0.2177531 0.2177531 0.2193340 0.1953617 0.1953617 0.2530076 0.2333343 0.2140442 0.2140442 0.1789401 0.2341874 0.2085153 0.0000000 0.1966162 0.4897801 0.4442617 0.2547814 
otoGar3    0.2068390 0.2068390 0.2083899 0.1789344 0.1789344 0.2217164 0.2018551 0.1823717 0.1823717 0.1799219 0.2178918 0.2320446 0.1966162 0.0000000 0.4480895 0.4680360 0.2779960 
tupBel1    0.4095138 0.4095138 0.4248857 0.3821921 0.3821921 0.3923126 0.3699244 0.3933803 0.3933803 0.3966445 0.4215189 0.4437337 0.4897801 0.4480895 0.0000000 0.5223962 0.4509706 
mm10       0.5513282 0.5513282 0.5561187 0.4879341 0.4879341 0.5420668 0.5163867 0.4912811 0.4912811 0.4911356 0.5166040 0.4693152 0.4442617 0.4680360 0.5223962 0.0000000 0.4502139 
canFam3    0.3387303 0.3387303 0.3414123 0.3236928 0.3236928 0.3881990 0.3660289 0.3443428 0.3443428 0.3070540 0.3674126 0.3298738 0.2547814 0.2779960 0.4509706 0.4502139 0.0000000 
