16
hg38       0.0000000 0.0482426 0.0482426 0.0239991 0.0723307 0.0723307 0.0971724 0.0718764 0.0729978 0.1856266 0.1580659 0.1562074 0.2453274 0.2568975 0.5020709 0.3386629 
panTro4    0.0482426 0.0000000 0.0000010 0.0238379 0.0235986 0.0235986 0.0475424 0.0481693 0.0238074 0.1295483 0.1567038 0.1548696 0.2428190 0.2910802 0.5392815 0.3347826 
panPan1    0.0482426 0.0000010 0.0000000 0.0238379 0.0235986 0.0235986 0.0475424 0.0481693 0.0238074 0.1295483 0.1567038 0.1548696 0.2428190 0.2910802 0.5392815 0.3347826 
nomLeu3    0.0239991 0.0238379 0.0238379 0.0000000 0.0476487 0.0476487 0.0719948 0.0729548 0.0480785 0.1569601 0.1300887 0.1283980 0.2136934 0.2612124 0.5077089 0.3048727 
rheMac3    0.0723307 0.0235986 0.0235986 0.0476487 0.0000000 0.0000010 0.0234252 0.0237291 0.0475964 0.1553393 0.1286835 0.1805892 0.2704608 0.3193500 0.5012871 0.3628855 
macFas5    0.0723307 0.0235986 0.0235986 0.0476487 0.0000010 0.0000000 0.0234252 0.0237291 0.0475964 0.1553393 0.1286835 0.1805892 0.2704608 0.3193500 0.5012871 0.3628855 
nasLar1    0.0971724 0.0475424 0.0475424 0.0719948 0.0234252 0.0234252 0.0000000 0.0478102 0.0719290 0.1826891 0.1554864 0.1807903 0.2520380 0.3510285 0.5252834 0.3948290 
rhiRox1    0.0718764 0.0481693 0.0481693 0.0729548 0.0237291 0.0237291 0.0478102 0.0000000 0.0728878 0.1853653 0.1577281 0.2111641 0.3055677 0.2847132 0.5220584 0.4013591 
calJac3    0.0729978 0.0238074 0.0238074 0.0480785 0.0475964 0.0475964 0.0719290 0.0728878 0.0000000 0.1025293 0.1843842 0.1824480 0.2735469 0.3231524 0.5683720 0.3355347 
saiBol1    0.1856266 0.1295483 0.1295483 0.1569601 0.1553393 0.1553393 0.1826891 0.1853653 0.1025293 0.0000000 0.2806855 0.3140584 0.3845087 0.4159644 0.6592191 0.4628812 
tarSyr2    0.1580659 0.1567038 0.1567038 0.1300887 0.1286835 0.1286835 0.1554864 0.1577281 0.1843842 0.2806855 0.0000000 0.1591450 0.2489965 0.2980482 0.4786431 0.3421987 
micMur1    0.1562074 0.1548696 0.1548696 0.1283980 0.1805892 0.1805892 0.1807903 0.2111641 0.1824480 0.3140584 0.1591450 0.0000000 0.1427053 0.2961049 0.5307403 0.3405524 
otoGar3    0.2453274 0.2428190 0.2428190 0.2136934 0.2704608 0.2704608 0.2520380 0.3055677 0.2735469 0.3845087 0.2489965 0.1427053 0.0000000 0.3316888 0.5993170 0.3239163 
tupBel1    0.2568975 0.2910802 0.2910802 0.2612124 0.3193500 0.3193500 0.3510285 0.2847132 0.3231524 0.4159644 0.2980482 0.2961049 0.3316888 0.0000000 0.6443584 0.4046552 
mm10       0.5020709 0.5392815 0.5392815 0.5077089 0.5012871 0.5012871 0.5252834 0.5220584 0.5683720 0.6592191 0.4786431 0.5307403 0.5993170 0.6443584 0.0000000 0.7915633 
canFam3    0.3386629 0.3347826 0.3347826 0.3048727 0.3628855 0.3628855 0.3948290 0.4013591 0.3355347 0.4628812 0.3421987 0.3405524 0.3239163 0.4046552 0.7915633 0.0000000 
