15
hg38       0.0000000 0.0502315 0.0502315 0.0000010 0.0000010 0.0518046 0.0518046 0.0502184 0.0502184 0.1030375 0.0516941 0.1050383 0.2118601 0.0514195 0.0511179 
panTro4    0.0502315 0.0000000 0.0000010 0.0536513 0.0502315 0.1039959 0.1039959 0.1008274 0.1008274 0.1551943 0.1037925 0.1581045 0.2656723 0.1032394 0.1026300 
panPan1    0.0502315 0.0000010 0.0000000 0.0536513 0.0502315 0.1039959 0.1039959 0.1008274 0.1008274 0.1551943 0.1037925 0.1581045 0.2656723 0.1032394 0.1026300 
gorGor3    0.0000010 0.0536513 0.0536513 0.0000000 0.0000010 0.0554501 0.0554501 0.0536377 0.0536377 0.1102570 0.0553243 0.1125387 0.2271223 0.0550098 0.0546648 
ponAbe2    0.0000010 0.0502315 0.0502315 0.0000010 0.0000000 0.0518046 0.0518046 0.0502184 0.0502184 0.1030375 0.0516941 0.1050383 0.2118601 0.0514195 0.0511179 
rheMac3    0.0518046 0.1039959 0.1039959 0.0554501 0.0518046 0.0000000 0.0000010 0.1040062 0.1040062 0.1602260 0.1071629 0.1633181 0.2744573 0.1065733 0.1059238 
macFas5    0.0518046 0.1039959 0.1039959 0.0554501 0.0518046 0.0000010 0.0000000 0.1040062 0.1040062 0.1602260 0.1071629 0.1633181 0.2744573 0.1065733 0.1059238 
nasLar1    0.0502184 0.1008274 0.1008274 0.0536377 0.0502184 0.1040062 0.1040062 0.0000000 0.0000010 0.1552636 0.1038027 0.1581795 0.2659960 0.1032491 0.1026391 
rhiRox1    0.0502184 0.1008274 0.1008274 0.0536377 0.0502184 0.1040062 0.1040062 0.0000010 0.0000000 0.1552636 0.1038027 0.1581795 0.2659960 0.1032491 0.1026391 
tarSyr2    0.1030375 0.1551943 0.1551943 0.1102570 0.1030375 0.1602260 0.1602260 0.1552636 0.1552636 0.0000000 0.1599429 0.2167102 0.2137088 0.1590671 0.1580984 
micMur1    0.0516941 0.1037925 0.1037925 0.0553243 0.0516941 0.1071629 0.1071629 0.1038027 0.1038027 0.1599429 0.0000000 0.1630271 0.2741386 0.1063608 0.1057136 
otoGar3    0.1050383 0.1581045 0.1581045 0.1125387 0.1050383 0.1633181 0.1633181 0.1581795 0.1581795 0.2167102 0.1630271 0.0000000 0.1584908 0.1621193 0.1611153 
tupBel1    0.2118601 0.2656723 0.2656723 0.2271223 0.2118601 0.2744573 0.2744573 0.2659960 0.2659960 0.2137088 0.2741386 0.1584908 0.0000000 0.2726088 0.2708990 
mm10       0.0514195 0.1032394 0.1032394 0.0550098 0.0514195 0.1065733 0.1065733 0.1032491 0.1032491 0.1590671 0.1063608 0.1621193 0.2726088 0.0000000 0.1051396 
canFam3    0.0511179 0.1026300 0.1026300 0.0546648 0.0511179 0.1059238 0.1059238 0.1026391 0.1026391 0.1580984 0.1057136 0.1611153 0.2708990 0.1051396 0.0000000 
