20
hg38       0.0000000 0.0705561 0.0898387 0.0521335 0.1656530 0.1475550 0.1495208 0.1084378 0.1488742 0.2190220 0.2039314 0.1660892 0.2948428 0.7627316 0.8813335 0.7540219 0.7041254 1.2021553 1.0841398 0.6125008 
panTro4    0.0705561 0.0000000 0.0173218 0.0886575 0.1849430 0.1498238 0.1677509 0.1474698 0.1697134 0.1974265 0.2343464 0.2071901 0.2891228 0.7812599 0.8293809 0.7785657 0.7324257 1.2287232 1.0662015 0.6976436 
panPan1    0.0898387 0.0173218 0.0000000 0.1083731 0.2072387 0.1716974 0.1476053 0.1277678 0.1493437 0.1759095 0.2129137 0.1864301 0.3167511 0.7422165 0.8339371 0.8244606 0.7742449 1.1716090 1.0713183 0.7409154 
gorGor3    0.0521335 0.0886575 0.1083731 0.0000000 0.1443568 0.1902299 0.1690659 0.1271660 0.1684077 0.2243544 0.1849980 0.1472142 0.2954357 0.7024372 0.8736128 0.7589127 0.6874674 1.2073956 1.0529464 0.5937813 
ponAbe2    0.1656530 0.1849430 0.2072387 0.1443568 0.0000000 0.2371455 0.1955803 0.1695512 0.2138545 0.3190908 0.2713890 0.1839192 0.3052546 0.8167936 0.9941701 0.9058139 0.7375233 0.9855975 1.0586355 0.6307745 
nomLeu3    0.1475550 0.1498238 0.1716974 0.1902299 0.2371455 0.0000000 0.1686604 0.1743936 0.1931258 0.2108740 0.2490626 0.2373742 0.3025586 0.7140870 0.9074453 0.7695902 0.7088565 1.1075171 1.0568560 0.6026996 
rheMac3    0.1495208 0.1677509 0.1476053 0.1690659 0.1955803 0.1686604 0.0000000 0.0361038 0.0537769 0.1311995 0.1071326 0.1132351 0.3283979 0.7258051 0.9860335 0.8797313 0.6784072 1.0786623 1.0462559 0.6534685 
macFas5    0.1084378 0.1474698 0.1277678 0.1271660 0.1695512 0.1743936 0.0361038 0.0000000 0.0358417 0.1358262 0.0894790 0.0906456 0.3022523 0.6994504 0.9684729 0.8503124 0.7065379 1.1202239 1.1110802 0.6490486 
papAnu2    0.1488742 0.1697134 0.1493437 0.1684077 0.2138545 0.1931258 0.0537769 0.0358417 0.0000000 0.1544838 0.0752026 0.0924698 0.3396354 0.7681827 1.0501798 0.9307877 0.7737628 1.1099442 1.1643447 0.7113109 
chlSab2    0.2190220 0.1974265 0.1759095 0.2243544 0.3190908 0.2108740 0.1311995 0.1358262 0.1544838 0.0000000 0.2106481 0.2418733 0.4184099 0.8333438 0.8931575 0.7882437 0.6712581 1.1132642 1.0188549 0.6876359 
nasLar1    0.2039314 0.2343464 0.2129137 0.1849980 0.2713890 0.2490626 0.1071326 0.0894790 0.0752026 0.2106481 0.0000000 0.0713946 0.3882084 0.6523535 1.0486043 0.8320918 0.6874189 1.1365251 1.1950996 0.7035685 
rhiRox1    0.1660892 0.2071901 0.1864301 0.1472142 0.1839192 0.2373742 0.1132351 0.0906456 0.0924698 0.2418733 0.0713946 0.0000000 0.3762504 0.6636944 1.0557552 0.8821025 0.7340006 1.0821439 1.1248032 0.6965098 
calJac3    0.2948428 0.2891228 0.3167511 0.2954357 0.3052546 0.3025586 0.3283979 0.3022523 0.3396354 0.4184099 0.3882084 0.3762504 0.0000000 0.4599112 0.8219733 0.7252549 0.6873167 1.2493914 0.9473047 0.7580435 
saiBol1    0.7627316 0.7812599 0.7422165 0.7024372 0.8167936 0.7140870 0.7258051 0.6994504 0.7681827 0.8333438 0.6523535 0.6636944 0.4599112 0.0000000 1.1090890 0.8376511 0.7356860 1.4966715 1.6377140 0.9988955 
tarSyr2    0.8813335 0.8293809 0.8339371 0.8736128 0.9941701 0.9074453 0.9860335 0.9684729 1.0501798 0.8931575 1.0486043 1.0557552 0.8219733 1.1090890 0.0000000 0.9722749 0.7114375 1.6038799 1.0735647 1.0053313 
micMur1    0.7540219 0.7785657 0.8244606 0.7589127 0.9058139 0.7695902 0.8797313 0.8503124 0.9307877 0.7882437 0.8320918 0.8821025 0.7252549 0.8376511 0.9722749 0.0000000 0.5799042 1.7135010 1.2411693 0.7989941 
otoGar3    0.7041254 0.7324257 0.7742449 0.6874674 0.7375233 0.7088565 0.6784072 0.7065379 0.7737628 0.6712581 0.6874189 0.7340006 0.6873167 0.7356860 0.7114375 0.5799042 0.0000000 1.2340824 1.1096422 0.4893640 
tupBel1    1.2021553 1.2287232 1.1716090 1.2073956 0.9855975 1.1075171 1.0786623 1.1202239 1.1099442 1.1132642 1.1365251 1.0821439 1.2493914 1.4966715 1.6038799 1.7135010 1.2340824 0.0000000 1.3857637 0.8129675 
mm10       1.0841398 1.0662015 1.0713183 1.0529464 1.0586355 1.0568560 1.0462559 1.1110802 1.1643447 1.0188549 1.1950996 1.1248032 0.9473047 1.6377140 1.0735647 1.2411693 1.1096422 1.3857637 0.0000000 1.1792513 
canFam3    0.6125008 0.6976436 0.7409154 0.5937813 0.6307745 0.6026996 0.6534685 0.6490486 0.7113109 0.6876359 0.7035685 0.6965098 0.7580435 0.9988955 1.0053313 0.7989941 0.4893640 0.8129675 1.1792513 0.0000000 
