20
hg38       0.0000000 0.0176066 0.0235077 0.0117024 0.0417514 0.0477574 0.1139751 0.1139751 0.0725657 0.0725657 0.0926180 0.1119684 0.1561895 0.1163311 0.2274484 0.2423502 0.3346390 0.7956930 0.6727163 0.5394368 
panTro4    0.0176066 0.0000000 0.0057998 0.0058358 0.0356922 0.0416797 0.1074066 0.1074066 0.0663494 0.0663494 0.0913396 0.1104481 0.1495982 0.1099459 0.2202393 0.2353429 0.3276323 0.7817178 0.6649302 0.5182134 
panPan1    0.0235077 0.0057998 0.0000000 0.0116876 0.0417029 0.0477032 0.1138769 0.1138769 0.0724910 0.0724910 0.0975780 0.1167679 0.1560906 0.1162351 0.2273892 0.2423105 0.3355909 0.7921012 0.6749214 0.5085301 
gorGor3    0.0117024 0.0058358 0.0116876 0.0000000 0.0296508 0.0356132 0.1007658 0.1007658 0.0601241 0.0601241 0.0849732 0.1039661 0.1428702 0.1034958 0.2126872 0.2279576 0.3189936 0.7682991 0.6530838 0.5219195 
ponAbe2    0.0417514 0.0356922 0.0417029 0.0296508 0.0000000 0.0417894 0.0942460 0.0942460 0.0539892 0.0539892 0.0787205 0.0976155 0.1363089 0.0971759 0.2120102 0.2208114 0.3122841 0.7555551 0.6636460 0.5321534 
nomLeu3    0.0477574 0.0416797 0.0477032 0.0356132 0.0417894 0.0000000 0.1004472 0.1004472 0.0599644 0.0599644 0.0847261 0.1036429 0.1563073 0.1164253 0.2275994 0.2424986 0.3370231 0.7514637 0.6740872 0.5585430 
rheMac3    0.1139751 0.1074066 0.1138769 0.1007658 0.0942460 0.1004472 0.0000000 0.0000010 0.0399774 0.0399774 0.0774159 0.0964067 0.1890227 0.1619491 0.2579008 0.2596302 0.3897361 0.8547698 0.7506848 0.6030231 
macFas5    0.1139751 0.1074066 0.1138769 0.1007658 0.0942460 0.1004472 0.0000010 0.0000000 0.0399774 0.0399774 0.0774159 0.0964067 0.1890227 0.1619491 0.2579008 0.2596302 0.3897361 0.8547698 0.7506848 0.6030231 
papAnu2    0.0725657 0.0663494 0.0724910 0.0601241 0.0539892 0.0599644 0.0399774 0.0399774 0.0000000 0.0000010 0.0354699 0.0535877 0.1421400 0.1162376 0.2356993 0.2238970 0.3542445 0.7683614 0.7080895 0.5374525 
chlSab2    0.0725657 0.0663494 0.0724910 0.0601241 0.0539892 0.0599644 0.0399774 0.0399774 0.0000010 0.0000000 0.0354699 0.0535877 0.1421400 0.1162376 0.2356993 0.2238970 0.3542445 0.7683614 0.7080895 0.5374525 
nasLar1    0.0926180 0.0913396 0.0975780 0.0849732 0.0787205 0.0847261 0.0774159 0.0774159 0.0354699 0.0354699 0.0000000 0.0175839 0.1616316 0.1293241 0.2648870 0.2565154 0.3872613 0.7886682 0.7171394 0.5386053 
rhiRox1    0.1119684 0.1104481 0.1167679 0.1039661 0.0976155 0.1036429 0.0964067 0.0964067 0.0535877 0.0535877 0.0175839 0.0000000 0.1817011 0.1488053 0.2875169 0.2785950 0.4036045 0.7952281 0.7225770 0.5669170 
calJac3    0.1561895 0.1495982 0.1560906 0.1428702 0.1363089 0.1563073 0.1890227 0.1890227 0.1421400 0.1421400 0.1616316 0.1817011 0.0000000 0.1217656 0.2996447 0.2940883 0.4099884 0.8405463 0.7133177 0.5653836 
saiBol1    0.1163311 0.1099459 0.1162351 0.1034958 0.0971759 0.1164253 0.1619491 0.1619491 0.1162376 0.1162376 0.1293241 0.1488053 0.1217656 0.0000000 0.2534696 0.2486393 0.3746465 0.7983954 0.7272410 0.5598406 
tarSyr2    0.2274484 0.2202393 0.2273892 0.2126872 0.2120102 0.2275994 0.2579008 0.2579008 0.2356993 0.2356993 0.2648870 0.2875169 0.2996447 0.2534696 0.0000000 0.2335315 0.3731349 0.8720636 0.6903012 0.5515063 
micMur1    0.2423502 0.2353429 0.2423105 0.2279576 0.2208114 0.2424986 0.2596302 0.2596302 0.2238970 0.2238970 0.2565154 0.2785950 0.2940883 0.2486393 0.2335315 0.0000000 0.2590984 0.8375837 0.6906844 0.5931767 
otoGar3    0.3346390 0.3276323 0.3355909 0.3189936 0.3122841 0.3370231 0.3897361 0.3897361 0.3542445 0.3542445 0.3872613 0.4036045 0.4099884 0.3746465 0.3731349 0.2590984 0.0000000 0.8994875 0.8234178 0.7123449 
tupBel1    0.7956930 0.7817178 0.7921012 0.7682991 0.7555551 0.7514637 0.8547698 0.8547698 0.7683614 0.7683614 0.7886682 0.7952281 0.8405463 0.7983954 0.8720636 0.8375837 0.8994875 0.0000000 1.0487132 0.9770205 
mm10       0.6727163 0.6649302 0.6749214 0.6530838 0.6636460 0.6740872 0.7506848 0.7506848 0.7080895 0.7080895 0.7171394 0.7225770 0.7133177 0.7272410 0.6903012 0.6906844 0.8234178 1.0487132 0.0000000 0.8136597 
canFam3    0.5394368 0.5182134 0.5085301 0.5219195 0.5321534 0.5585430 0.6030231 0.6030231 0.5374525 0.5374525 0.5386053 0.5669170 0.5653836 0.5598406 0.5515063 0.5931767 0.7123449 0.9770205 0.8136597 0.0000000 
