16
hg38       0.0000000 0.0000010 0.0212384 0.0212384 0.0430784 0.0646378 0.0646378 0.0429072 0.0429072 0.0649874 0.0871410 0.0651283 0.0901541 0.0915381 0.3855291 0.0870803 
panTro4    0.0000010 0.0000000 0.0212384 0.0212384 0.0430784 0.0646378 0.0646378 0.0429072 0.0429072 0.0649874 0.0871410 0.0651283 0.0901541 0.0915381 0.3855291 0.0870803 
panPan1    0.0212384 0.0212384 0.0000000 0.0000010 0.0214234 0.0428684 0.0428684 0.0213398 0.0213398 0.0431125 0.1100555 0.0431752 0.0673502 0.0684006 0.3591340 0.0649760 
gorGor3    0.0212384 0.0212384 0.0000010 0.0000000 0.0214234 0.0428684 0.0428684 0.0213398 0.0213398 0.0431125 0.1100555 0.0431752 0.0673502 0.0684006 0.3591340 0.0649760 
nomLeu3    0.0430784 0.0430784 0.0214234 0.0214234 0.0000000 0.0652089 0.0652089 0.0432852 0.0432852 0.0439194 0.1339435 0.0657088 0.0909816 0.0681520 0.3739782 0.0878564 
rheMac3    0.0646378 0.0646378 0.0428684 0.0428684 0.0652089 0.0000000 0.0000010 0.0213150 0.0213150 0.0874223 0.1564100 0.0876792 0.1136469 0.1153706 0.4056806 0.0649341 
macFas5    0.0646378 0.0646378 0.0428684 0.0428684 0.0652089 0.0000010 0.0000000 0.0213150 0.0213150 0.0874223 0.1564100 0.0876792 0.1136469 0.1153706 0.4056806 0.0649341 
papAnu2    0.0429072 0.0429072 0.0213398 0.0213398 0.0432852 0.0213150 0.0213150 0.0000000 0.0000010 0.0652982 0.1333742 0.0654411 0.0905958 0.0919926 0.3871403 0.0430788 
chlSab2    0.0429072 0.0429072 0.0213398 0.0213398 0.0432852 0.0213150 0.0213150 0.0000010 0.0000000 0.0652982 0.1333742 0.0654411 0.0905958 0.0919926 0.3871403 0.0430788 
saiBol1    0.0649874 0.0649874 0.0431125 0.0431125 0.0439194 0.0874223 0.0874223 0.0652982 0.0652982 0.0000000 0.1570621 0.0881320 0.1142045 0.0957653 0.3386471 0.1104040 
tarSyr2    0.0871410 0.0871410 0.1100555 0.1100555 0.1339435 0.1564100 0.1564100 0.1333742 0.1333742 0.1570621 0.0000000 0.1106010 0.1375159 0.1395775 0.5069633 0.1330507 
micMur1    0.0651283 0.0651283 0.0431752 0.0431752 0.0657088 0.0876792 0.0876792 0.0654411 0.0654411 0.0881320 0.1106010 0.0000000 0.0676806 0.0687413 0.4227729 0.0652844 
otoGar3    0.0901541 0.0901541 0.0673502 0.0673502 0.0909816 0.1136469 0.1136469 0.0905958 0.0905958 0.1142045 0.1375159 0.0676806 0.0000000 0.0951311 0.4121748 0.0903725 
tupBel1    0.0915381 0.0915381 0.0684006 0.0684006 0.0681520 0.1153706 0.1153706 0.0919926 0.0919926 0.0957653 0.1395775 0.0687413 0.0951311 0.0000000 0.3453197 0.0917627 
mm10       0.3855291 0.3855291 0.3591340 0.3591340 0.3739782 0.4056806 0.4056806 0.3871403 0.3871403 0.3386471 0.5069633 0.4227729 0.4121748 0.3453197 0.0000000 0.4472809 
canFam3    0.0870803 0.0870803 0.0649760 0.0649760 0.0878564 0.0649341 0.0649341 0.0430788 0.0430788 0.1104040 0.1330507 0.0652844 0.0903725 0.0917627 0.4472809 0.0000000 
