10
hg38       0.0000000 0.0000010 0.0419068 0.0826922 0.0826922 0.0408366 0.0408366 0.0827402 0.0833456 0.0856095 
panTro4    0.0000010 0.0000000 0.0419068 0.0826922 0.0826922 0.0408366 0.0408366 0.0827402 0.0833456 0.0856095 
ponAbe2    0.0419068 0.0419068 0.0000000 0.1300627 0.1300627 0.0856095 0.0856095 0.1301455 0.1311519 0.0421317 
rheMac3    0.0826922 0.0826922 0.1300627 0.0000000 0.0000010 0.0405532 0.0405532 0.0821608 0.0827577 0.0849899 
macFas5    0.0826922 0.0826922 0.1300627 0.0000010 0.0000000 0.0405532 0.0405532 0.0821608 0.0827577 0.0849899 
papAnu2    0.0408366 0.0408366 0.0856095 0.0405532 0.0405532 0.0000000 0.0000010 0.0405752 0.0408645 0.0419729 
chlSab2    0.0408366 0.0408366 0.0856095 0.0405532 0.0405532 0.0000010 0.0000000 0.0405752 0.0408645 0.0419729 
micMur1    0.0827402 0.0827402 0.1301455 0.0821608 0.0821608 0.0405752 0.0405752 0.0000000 0.0828057 0.0850406 
tupBel1    0.0833456 0.0833456 0.1311519 0.0827577 0.0827577 0.0408645 0.0408645 0.0828057 0.0000000 0.0856801 
mm10       0.0856095 0.0856095 0.0421317 0.0849899 0.0849899 0.0419729 0.0419729 0.0850406 0.0856801 0.0000000 
