20
hg38       0.0000000 0.0187416 0.0190358 0.0377549 0.0187416 0.0382755 0.1008348 0.0798414 0.0798414 0.2324615 0.1465446 0.1015195 0.2311566 0.1792269 0.5330563 0.2194757 0.3152486 0.7550127 0.4741835 0.3680113 
panTro4    0.0187416 0.0000000 0.0000010 0.0187878 0.0000010 0.0190454 0.0802104 0.0595530 0.0595530 0.2099299 0.1248209 0.0807566 0.2087117 0.2034517 0.5702802 0.2463793 0.3467806 0.7613945 0.5095739 0.3986222 
panPan1    0.0190358 0.0000010 0.0000000 0.0190834 0.0000010 0.0193492 0.0815775 0.0605531 0.0605531 0.2137678 0.1270507 0.0821423 0.2125124 0.2070544 0.5839086 0.2511209 0.3542875 0.7829856 0.5213164 0.4068373 
gorGor3    0.0377549 0.0187878 0.0190834 0.0000000 0.0187878 0.0383668 0.1010489 0.0800190 0.0800190 0.2328269 0.1468303 0.1017360 0.2315201 0.2256100 0.5322459 0.2706439 0.3746920 0.8025975 0.5406066 0.4255919 
ponAbe2    0.0187416 0.0000010 0.0000010 0.0187878 0.0000000 0.0190454 0.0802104 0.0595530 0.0595530 0.2099299 0.1248209 0.0807566 0.2087117 0.2034517 0.5702802 0.2463793 0.3467806 0.7613945 0.5095739 0.3986222 
nomLeu3    0.0382755 0.0190454 0.0193492 0.0383668 0.0190454 0.0000000 0.1025421 0.0811896 0.0811896 0.2120669 0.1258641 0.1032492 0.2108273 0.2054544 0.5784610 0.2490465 0.3511080 0.7732815 0.5119235 0.4034131 
rheMac3    0.1008348 0.0802104 0.0815775 0.1010489 0.0802104 0.1025421 0.0000000 0.0190213 0.0190213 0.1891197 0.0795936 0.0386736 0.2348685 0.2287836 0.6010331 0.2747509 0.3809728 0.8404054 0.5186768 0.4323259 
macFas5    0.0798414 0.0595530 0.0605531 0.0800190 0.0595530 0.0811896 0.0190213 0.0000000 0.0000010 0.2125573 0.0590938 0.0191477 0.2113125 0.2059128 0.5673191 0.2496639 0.3521131 0.7981583 0.5181346 0.4045171 
papAnu2    0.0798414 0.0595530 0.0605531 0.0800190 0.0595530 0.0811896 0.0190213 0.0000010 0.0000000 0.2125573 0.0590938 0.0191477 0.2113125 0.2059128 0.5673191 0.2496639 0.3521131 0.7981583 0.5181346 0.4045171 
chlSab2    0.2324615 0.2099299 0.2137678 0.2328269 0.2099299 0.2120669 0.1891197 0.2125573 0.2125573 0.0000000 0.2718066 0.2378048 0.2632586 0.2562069 0.6882895 0.3519148 0.3984613 0.8425839 0.5789200 0.4357316 
nasLar1    0.1465446 0.1248209 0.1270507 0.1468303 0.1248209 0.1258641 0.0795936 0.0590938 0.0590938 0.2718066 0.0000000 0.0387379 0.2618928 0.2628938 0.5877809 0.3140446 0.4308262 0.8367832 0.5246219 0.4822535 
rhiRox1    0.1015195 0.0807566 0.0821423 0.1017360 0.0807566 0.1032492 0.0386736 0.0191477 0.0191477 0.2378048 0.0387379 0.0000000 0.2284671 0.2302916 0.5302579 0.2766602 0.3837667 0.8448077 0.4833654 0.4352625 
calJac3    0.2311566 0.2087117 0.2125124 0.2315201 0.2087117 0.2108273 0.2348685 0.2113125 0.2113125 0.2632586 0.2618928 0.2284671 0.0000000 0.0565137 0.6014791 0.3352464 0.4124589 0.8598425 0.5895371 0.4011194 
saiBol1    0.1792269 0.2034517 0.2070544 0.2256100 0.2034517 0.2054544 0.2287836 0.2059128 0.2059128 0.2562069 0.2628938 0.2302916 0.0565137 0.0000000 0.5533184 0.2750892 0.3421029 0.8377954 0.5174127 0.3349477 
tarSyr2    0.5330563 0.5702802 0.5839086 0.5322459 0.5702802 0.5784610 0.6010331 0.5673191 0.5673191 0.6882895 0.5877809 0.5302579 0.6014791 0.5533184 0.0000000 0.5059688 0.6033853 0.8251741 0.6042707 0.5346135 
micMur1    0.2194757 0.2463793 0.2511209 0.2706439 0.2463793 0.2490465 0.2747509 0.2496639 0.2496639 0.3519148 0.3140446 0.2766602 0.3352464 0.2750892 0.5059688 0.0000000 0.2498521 0.6958498 0.4340476 0.3100684 
otoGar3    0.3152486 0.3467806 0.3542875 0.3746920 0.3467806 0.3511080 0.3809728 0.3521131 0.3521131 0.3984613 0.4308262 0.3837667 0.4124589 0.3421029 0.6033853 0.2498521 0.0000000 0.7998718 0.6436802 0.3777541 
tupBel1    0.7550127 0.7613945 0.7829856 0.8025975 0.7613945 0.7732815 0.8404054 0.7981583 0.7981583 0.8425839 0.8367832 0.8448077 0.8598425 0.8377954 0.8251741 0.6958498 0.7998718 0.0000000 0.8400839 0.8433939 
mm10       0.4741835 0.5095739 0.5213164 0.5406066 0.5095739 0.5119235 0.5186768 0.5181346 0.5181346 0.5789200 0.5246219 0.4833654 0.5895371 0.5174127 0.6042707 0.4340476 0.6436802 0.8400839 0.0000000 0.5334871 
canFam3    0.3680113 0.3986222 0.4068373 0.4255919 0.3986222 0.4034131 0.4323259 0.4045171 0.4045171 0.4357316 0.4822535 0.4352625 0.4011194 0.3349477 0.5346135 0.3100684 0.3777541 0.8433939 0.5334871 0.0000000 
