10
hg38       0.0000000 0.0000010 0.0000010 0.0800368 0.0724143 0.0724143 0.2238038 0.6833048 0.2409617 0.2339464 
panTro4    0.0000010 0.0000000 0.0000010 0.0800368 0.0724143 0.0724143 0.2238038 0.6833048 0.2409617 0.2339464 
calJac3    0.0000010 0.0000010 0.0000000 0.0800368 0.0801583 0.0801583 0.2487485 0.6739385 0.2554241 0.2611176 
saiBol1    0.0800368 0.0800368 0.0800368 0.0000000 0.1649407 0.1649407 0.1623856 0.5652226 0.3506981 0.3570118 
tarSyr2    0.0724143 0.0724143 0.0801583 0.1649407 0.0000000 0.0000010 0.1459070 0.5828472 0.3317082 0.1527819 
micMur1    0.0724143 0.0724143 0.0801583 0.1649407 0.0000010 0.0000000 0.1459070 0.5828472 0.3317082 0.1527819 
otoGar3    0.2238038 0.2238038 0.2487485 0.1623856 0.1459070 0.1459070 0.0000000 0.5739535 0.4284592 0.1518520 
tupBel1    0.6833048 0.6833048 0.6739385 0.5652226 0.5828472 0.5828472 0.5739535 0.0000000 0.9133516 0.7949222 
mm10       0.2409617 0.2409617 0.2554241 0.3506981 0.3317082 0.3317082 0.4284592 0.9133516 0.0000000 0.4481947 
canFam3    0.2339464 0.2339464 0.2611176 0.3570118 0.1527819 0.1527819 0.1518520 0.7949222 0.4481947 0.0000000 
