20
hg38       0.0000000 0.0586374 0.0382601 0.0189894 0.1018960 0.1480820 0.3164024 0.2384614 0.2745610 0.2226558 0.1749211 0.2055469 0.6527599 0.6283528 1.4762784 1.1918988 1.1736844 1.2708940 1.2374473 1.8234320 
panTro4    0.0586374 0.0000000 0.0192560 0.0386406 0.1242875 0.2218368 0.3177872 0.2398735 0.2759419 0.2196576 0.1762085 0.2069432 0.6413800 0.6181161 1.3703450 1.2351118 1.1639516 1.2179653 1.2311150 1.7661600 
panPan1    0.0382601 0.0192560 0.0000000 0.0189117 0.1012793 0.1950094 0.3479967 0.2671464 0.3037333 0.2475929 0.2013883 0.2336983 0.6858513 0.6590019 1.4543899 1.2306360 1.1657273 1.2411003 1.2333549 1.7735169 
gorGor3    0.0189894 0.0386406 0.0189117 0.0000000 0.0805423 0.1726251 0.3227730 0.2431756 0.2798762 0.2227137 0.1783307 0.2096702 0.6552000 0.6304729 1.4864180 1.2136162 1.1291199 1.2237416 1.1963104 1.8234320 
ponAbe2    0.1018960 0.1242875 0.1012793 0.0805423 0.0000000 0.1512592 0.2984416 0.2201896 0.2569993 0.1647787 0.1563148 0.1867220 0.4943469 0.4893492 1.4636069 1.3684224 1.0873906 1.1996291 1.1414691 1.7669906 
nomLeu3    0.1480820 0.2218368 0.1950094 0.1726251 0.1512592 0.0000000 0.2859622 0.2263293 0.2644627 0.2605490 0.2069838 0.2406356 0.5534794 0.5436780 1.6363150 1.2699079 1.2565132 1.2914328 1.3470933 1.8338043 
rheMac3    0.3164024 0.3177872 0.3479967 0.3227730 0.2984416 0.2859622 0.0000000 0.1419190 0.0605225 0.2066599 0.1282837 0.1039961 0.5968205 0.5933304 1.2244784 1.0953279 1.0311128 1.2311984 1.0890442 1.4989804 
macFas5    0.2384614 0.2398735 0.2671464 0.2431756 0.2201896 0.2263293 0.1419190 0.0000000 0.1122435 0.1153630 0.0441422 0.0682517 0.5598740 0.5500063 1.3971257 1.2283428 1.2319255 1.2137739 1.2084331 1.7639321 
papAnu2    0.2745610 0.2759419 0.3037333 0.2798762 0.2569993 0.2644627 0.0605225 0.1122435 0.0000000 0.1733384 0.1011349 0.1263232 0.5781637 0.5279984 1.2485457 1.1732607 1.1210473 1.2362355 1.1293893 1.6112438 
chlSab2    0.2226558 0.2196576 0.2475929 0.2227137 0.1647787 0.2605490 0.2066599 0.1153630 0.1733384 0.0000000 0.0619195 0.0860106 0.4990724 0.4938421 1.2813738 1.3354248 1.2020617 1.0631249 1.1166872 1.7413246 
nasLar1    0.1749211 0.1762085 0.2013883 0.1783307 0.1563148 0.2069838 0.1282837 0.0441422 0.1011349 0.0619195 0.0000000 0.0199470 0.5237844 0.5167054 1.3136590 1.1697720 1.1694461 1.2154231 1.1567302 1.7555926 
rhiRox1    0.2055469 0.2069432 0.2336983 0.2096702 0.1867220 0.2406356 0.1039961 0.0682517 0.1263232 0.0860106 0.0199470 0.0000000 0.5788457 0.5675480 1.3185045 1.1000194 1.0952249 1.1394955 1.0848871 1.6488188 
calJac3    0.6527599 0.6413800 0.6858513 0.6552000 0.4943469 0.5534794 0.5968205 0.5598740 0.5781637 0.4990724 0.5237844 0.5788457 0.0000000 0.2647855 0.8555622 1.5449171 1.0345741 1.1390344 1.3671442 1.5513991 
saiBol1    0.6283528 0.6181161 0.6590019 0.6304729 0.4893492 0.5436780 0.5933304 0.5500063 0.5279984 0.4938421 0.5167054 0.5675480 0.2647855 0.0000000 0.9873772 1.6089890 1.0833495 1.1890356 1.3797971 1.6705772 
tarSyr2    1.4762784 1.3703450 1.4543899 1.4864180 1.4636069 1.6363150 1.2244784 1.3971257 1.2485457 1.2813738 1.3136590 1.3185045 0.8555622 0.9873772 0.0000000 1.4937417 0.8184157 0.9989573 1.4075999 1.3605443 
micMur1    1.1918988 1.2351118 1.2306360 1.2136162 1.3684224 1.2699079 1.0953279 1.2283428 1.1732607 1.3354248 1.1697720 1.1000194 1.5449171 1.6089890 1.4937417 0.0000000 1.0622081 0.9979237 1.4205869 1.3549648 
otoGar3    1.1736844 1.1639516 1.1657273 1.1291199 1.0873906 1.2565132 1.0311128 1.2319255 1.1210473 1.2020617 1.1694461 1.0952249 1.0345741 1.0833495 0.8184157 1.0622081 0.0000000 0.6848463 1.0197678 0.9633811 
tupBel1    1.2708940 1.2179653 1.2411003 1.2237416 1.1996291 1.2914328 1.2311984 1.2137739 1.2362355 1.0631249 1.2154231 1.1394955 1.1390344 1.1890356 0.9989573 0.9979237 0.6848463 0.0000000 0.7609830 1.1467497 
mm10       1.2374473 1.2311150 1.2333549 1.1963104 1.1414691 1.3470933 1.0890442 1.2084331 1.1293893 1.1166872 1.1567302 1.0848871 1.3671442 1.3797971 1.4075999 1.4205869 1.0197678 0.7609830 0.0000000 0.9650528 
canFam3    1.8234320 1.7661600 1.7735169 1.8234320 1.7669906 1.8338043 1.4989804 1.7639321 1.6112438 1.7413246 1.7555926 1.6488188 1.5513991 1.6705772 1.3605443 1.3549648 0.9633811 1.1467497 0.9650528 0.0000000 
