9
hg38       0.0000000 0.0000010 0.0506069 0.0506069 0.0512246 0.0512246 0.1034028 0.1605233 0.1043980 
panTro4    0.0000010 0.0000000 0.0506069 0.0506069 0.0512246 0.0512246 0.1034028 0.1605233 0.1043980 
nasLar1    0.0506069 0.0506069 0.0000000 0.0000010 0.1034028 0.1034028 0.0506653 0.2153318 0.1579803 
rhiRox1    0.0506069 0.0506069 0.0000010 0.0000000 0.1034028 0.1034028 0.0506653 0.2153318 0.1579803 
calJac3    0.0512246 0.0512246 0.1034028 0.1034028 0.0000000 0.0000010 0.0511790 0.1060867 0.0516027 
saiBol1    0.0512246 0.0512246 0.1034028 0.1034028 0.0000010 0.0000000 0.0511790 0.1060867 0.0516027 
micMur1    0.1034028 0.1034028 0.0506653 0.0506653 0.0511790 0.0511790 0.0000000 0.1604894 0.1043383 
tupBel1    0.1605233 0.1605233 0.2153318 0.2153318 0.1060867 0.1060867 0.1604894 0.0000000 0.1623206 
mm10       0.1043980 0.1043980 0.1579803 0.1579803 0.0516027 0.0516027 0.1043383 0.1623206 0.0000000 
