17
hg38       0.0000000 0.0000010 0.0624333 0.2066793 0.2023017 0.1309296 0.0638590 0.1298611 0.1298611 0.0615474 0.0648859 0.5493781 0.8730478 0.5009917 1.0526015 1.1958290 1.0733925 
panTro4    0.0000010 0.0000000 0.0624333 0.2066793 0.2023017 0.1309296 0.0638590 0.1298611 0.1298611 0.0615474 0.0648859 0.5493781 0.8730478 0.5009917 1.0526015 1.1958290 1.0733925 
ponAbe2    0.0624333 0.0624333 0.0000000 0.2872966 0.2810409 0.2042204 0.1325915 0.2023940 0.2023940 0.1277189 0.1349248 0.6623193 0.9036278 0.6145422 1.2415975 0.9830643 1.2774874 
rheMac3    0.2066793 0.2066793 0.2872966 0.0000000 0.1331547 0.0646789 0.1344157 0.1345871 0.1345871 0.2052960 0.2129524 0.7011804 1.0936649 0.6278292 1.0748848 1.2094793 1.0972995 
macFas5    0.2023017 0.2023017 0.2810409 0.1331547 0.0000000 0.0633518 0.1315952 0.2007965 0.2007965 0.2009761 0.2083025 0.6837997 0.9802757 0.5468754 0.9434889 1.3635228 1.0658703 
papAnu2    0.1309296 0.1309296 0.2042204 0.0646789 0.0633518 0.0000000 0.0639312 0.1300266 0.1300266 0.1301101 0.1345757 0.5769502 0.9121501 0.5060665 1.1066450 1.2682501 1.1318465 
chlSab2    0.0638590 0.0638590 0.1325915 0.1344157 0.1315952 0.0639312 0.0000000 0.0634470 0.0634470 0.1305305 0.1380430 0.5789312 0.9236678 0.5298084 1.1099665 1.2682501 1.1353781 
nasLar1    0.1298611 0.1298611 0.2023940 0.1345871 0.2007965 0.1300266 0.0634470 0.0000000 0.0000010 0.1990813 0.2107103 0.6727664 1.0461793 0.6259163 1.0933227 1.3122601 1.1175641 
rhiRox1    0.1298611 0.1298611 0.2023940 0.1345871 0.2007965 0.1300266 0.0634470 0.0000010 0.0000000 0.1990813 0.2107103 0.6727664 1.0461793 0.6259163 1.0933227 1.3122601 1.1175641 
calJac3    0.0615474 0.0615474 0.1277189 0.2052960 0.2009761 0.1301101 0.1305305 0.1990813 0.1990813 0.0000000 0.0650609 0.4550854 0.8299524 0.5087263 0.9179694 1.1958290 0.9292554 
saiBol1    0.0648859 0.0648859 0.1349248 0.2129524 0.2083025 0.1345757 0.1380430 0.2107103 0.2107103 0.0650609 0.0000000 0.5873034 0.7986186 0.4840780 1.1398766 1.1958290 1.1682190 
tarSyr2    0.5493781 0.5493781 0.6623193 0.7011804 0.6837997 0.5769502 0.5789312 0.6727664 0.6727664 0.4550854 0.5873034 0.0000000 0.8952438 0.6774241 0.6604997 1.5091032 0.7962922 
micMur1    0.8730478 0.8730478 0.9036278 1.0936649 0.9802757 0.9121501 0.9236678 1.0461793 1.0461793 0.8299524 0.7986186 0.8952438 0.0000000 0.6936908 1.2645816 1.5252860 1.3594942 
otoGar3    0.5009917 0.5009917 0.6145422 0.6278292 0.5468754 0.5060665 0.5298084 0.6259163 0.6259163 0.5087263 0.4840780 0.6774241 0.6936908 0.0000000 1.0051664 0.8885172 0.9342750 
tupBel1    1.0526015 1.0526015 1.2415975 1.0748848 0.9434889 1.1066450 1.1099665 1.0933227 1.0933227 0.9179694 1.1398766 0.6604997 1.2645816 1.0051664 0.0000000 1.3076275 0.8301241 
mm10       1.1958290 1.1958290 0.9830643 1.2094793 1.3635228 1.2682501 1.2682501 1.3122601 1.3122601 1.1958290 1.1958290 1.5091032 1.5252860 0.8885172 1.3076275 0.0000000 1.5100157 
canFam3    1.0733925 1.0733925 1.2774874 1.0972995 1.0658703 1.1318465 1.1353781 1.1175641 1.1175641 0.9292554 1.1682190 0.7962922 1.3594942 0.9342750 0.8301241 1.5100157 0.0000000 
