20
hg38       0.0000000 0.0363869 0.0363869 0.0179240 0.0000010 0.0369772 0.3025497 0.1031659 0.1274621 0.1531263 0.1038841 0.1038841 0.1196819 0.1713299 0.6109188 0.2222125 0.4667355 0.4348853 0.8398485 0.5654412 
panTro4    0.0363869 0.0000000 0.0000010 0.0451678 0.0363869 0.0755217 0.3163051 0.1470274 0.1729190 0.1958295 0.1480230 0.1480230 0.1588696 0.2207172 0.6601289 0.2529056 0.5063973 0.4493164 0.8606232 0.5810720 
panPan1    0.0363869 0.0000010 0.0000000 0.0451678 0.0363869 0.0755217 0.3163051 0.1470274 0.1729190 0.1958295 0.1480230 0.1480230 0.1588696 0.2207172 0.6601289 0.2529056 0.5063973 0.4493164 0.8606232 0.5810720 
gorGor3    0.0179240 0.0451678 0.0451678 0.0000000 0.0179240 0.0558278 0.2870768 0.1245020 0.1495694 0.1511498 0.1253566 0.1253566 0.1181962 0.1954267 0.6014451 0.2022545 0.4398267 0.4153629 0.8094877 0.5427822 
ponAbe2    0.0000010 0.0363869 0.0363869 0.0179240 0.0000000 0.0369772 0.3025497 0.1031659 0.1274621 0.1531263 0.1038841 0.1038841 0.1196819 0.1713299 0.6109188 0.2222125 0.4667355 0.4348853 0.8398485 0.5654412 
nomLeu3    0.0369772 0.0755217 0.0755217 0.0558278 0.0369772 0.0000000 0.3213474 0.1224712 0.1469754 0.1487785 0.1232972 0.1232972 0.1164965 0.1746981 0.6300460 0.2464392 0.4509576 0.4012379 0.7489042 0.5202629 
rheMac3    0.3025497 0.3163051 0.3163051 0.2870768 0.3025497 0.3213474 0.0000000 0.2562341 0.2869767 0.3991504 0.3148168 0.3148168 0.3148887 0.4199997 0.5917028 0.4186275 0.5139309 0.4347667 0.8856353 0.7083526 
macFas5    0.1031659 0.1470274 0.1470274 0.1245020 0.1031659 0.1224712 0.2562341 0.0000000 0.0183322 0.2164107 0.0371795 0.0371795 0.1460139 0.1337845 0.5151915 0.2417574 0.4758230 0.4743700 0.9201883 0.5698556 
papAnu2    0.1274621 0.1729190 0.1729190 0.1495694 0.1274621 0.1469754 0.2869767 0.0183322 0.0000000 0.2448452 0.0182810 0.0182810 0.1717064 0.1605058 0.5600461 0.2153942 0.5131883 0.5121651 0.9733288 0.6107393 
chlSab2    0.1531263 0.1958295 0.1958295 0.1511498 0.1531263 0.1487785 0.3991504 0.2164107 0.2448452 0.0000000 0.2178161 0.2178161 0.1576640 0.2690584 0.7606258 0.2652344 0.4632771 0.4005891 0.6851066 0.6526905 
nasLar1    0.1038841 0.1480230 0.1480230 0.1253566 0.1038841 0.1232972 0.3148168 0.0371795 0.0182810 0.2178161 0.0000000 0.0000010 0.1957920 0.1856420 0.6000567 0.2410749 0.5462961 0.5456565 0.9913879 0.6469808 
rhiRox1    0.1038841 0.1480230 0.1480230 0.1253566 0.1038841 0.1232972 0.3148168 0.0371795 0.0182810 0.2178161 0.0000010 0.0000000 0.1957920 0.1856420 0.6000567 0.2410749 0.5462961 0.5456565 0.9913879 0.6469808 
calJac3    0.1196819 0.1588696 0.1588696 0.1181962 0.1196819 0.1164965 0.3148887 0.1460139 0.1717064 0.1576640 0.1957920 0.1957920 0.0000000 0.1491101 0.5515941 0.2218033 0.3988068 0.4092394 0.7026569 0.4848312 
saiBol1    0.1713299 0.2207172 0.2207172 0.1954267 0.1713299 0.1746981 0.4199997 0.1337845 0.1605058 0.2690584 0.1856420 0.1856420 0.1491101 0.0000000 0.6378066 0.3030602 0.4557087 0.4831564 0.8559072 0.5932468 
tarSyr2    0.6109188 0.6601289 0.6601289 0.6014451 0.6109188 0.6300460 0.5917028 0.5151915 0.5600461 0.7606258 0.6000567 0.6000567 0.5515941 0.6378066 0.0000000 0.7039031 0.8307845 0.7919094 1.1898259 0.9938557 
micMur1    0.2222125 0.2529056 0.2529056 0.2022545 0.2222125 0.2464392 0.4186275 0.2417574 0.2153942 0.2652344 0.2410749 0.2410749 0.2218033 0.3030602 0.7039031 0.0000000 0.3259048 0.3524947 0.8525342 0.5222929 
otoGar3    0.4667355 0.5063973 0.5063973 0.4398267 0.4667355 0.4509576 0.5139309 0.4758230 0.5131883 0.4632771 0.5462961 0.5462961 0.3988068 0.4557087 0.8307845 0.3259048 0.0000000 0.4303654 0.9865067 0.6107672 
tupBel1    0.4348853 0.4493164 0.4493164 0.4153629 0.4348853 0.4012379 0.4347667 0.4743700 0.5121651 0.4005891 0.5456565 0.5456565 0.4092394 0.4831564 0.7919094 0.3524947 0.4303654 0.0000000 0.6141535 0.4018671 
mm10       0.8398485 0.8606232 0.8606232 0.8094877 0.8398485 0.7489042 0.8856353 0.9201883 0.9733288 0.6851066 0.9913879 0.9913879 0.7026569 0.8559072 1.1898259 0.8525342 0.9865067 0.6141535 0.0000000 0.6692393 
canFam3    0.5654412 0.5810720 0.5810720 0.5427822 0.5654412 0.5202629 0.7083526 0.5698556 0.6107393 0.6526905 0.6469808 0.6469808 0.4848312 0.5932468 0.9938557 0.5222929 0.6107672 0.4018671 0.6692393 0.0000000 
