20
hg38       0.0000000 0.0124004 0.0098583 0.0108214 0.0290249 0.0370619 0.0664419 0.0597286 0.0603377 0.0620256 0.0557186 0.0571795 0.1041688 0.1184245 0.2279552 0.1997584 0.2374966 0.3972929 0.4069321 0.2969241 
panTro4    0.0124004 0.0000000 0.0020473 0.0111251 0.0296839 0.0387115 0.0660054 0.0606745 0.0609251 0.0623121 0.0570024 0.0591089 0.1052868 0.1205414 0.2313005 0.2051173 0.2418276 0.3964998 0.4153544 0.3042308 
panPan1    0.0098583 0.0020473 0.0000000 0.0105929 0.0270641 0.0344917 0.0607350 0.0548672 0.0550680 0.0560204 0.0507538 0.0530411 0.0976505 0.1117129 0.2141803 0.1875444 0.2256440 0.3836557 0.3932246 0.2790224 
gorGor3    0.0108214 0.0111251 0.0105929 0.0000000 0.0259434 0.0356307 0.0611180 0.0543124 0.0551966 0.0564295 0.0506506 0.0522442 0.0970589 0.1096183 0.2126607 0.1852815 0.2217373 0.3922618 0.3822818 0.2781645 
ponAbe2    0.0290249 0.0296839 0.0270641 0.0259434 0.0000000 0.0339071 0.0613837 0.0553840 0.0558350 0.0577033 0.0512831 0.0518165 0.0935994 0.1082217 0.2247715 0.1970158 0.2327892 0.3908868 0.3931097 0.2931837 
nomLeu3    0.0370619 0.0387115 0.0344917 0.0356307 0.0339071 0.0000000 0.0654302 0.0595540 0.0611557 0.0611837 0.0539483 0.0543692 0.0998316 0.1142219 0.2255365 0.2035009 0.2400134 0.3902110 0.4036750 0.3073255 
rheMac3    0.0664419 0.0660054 0.0607350 0.0611180 0.0613837 0.0654302 0.0000000 0.0105863 0.0192514 0.0285705 0.0371595 0.0382242 0.1105920 0.1262020 0.2329702 0.2123174 0.2469037 0.4021736 0.4071849 0.3098360 
macFas5    0.0597286 0.0606745 0.0548672 0.0543124 0.0553840 0.0595540 0.0105863 0.0000000 0.0152727 0.0239226 0.0293500 0.0311699 0.1048921 0.1203556 0.2292448 0.2049192 0.2424037 0.3989444 0.4052482 0.3023794 
papAnu2    0.0603377 0.0609251 0.0550680 0.0551966 0.0558350 0.0611557 0.0192514 0.0152727 0.0000000 0.0237221 0.0284790 0.0305349 0.1041021 0.1194218 0.2272961 0.2013233 0.2407350 0.4000514 0.4059417 0.3020619 
chlSab2    0.0620256 0.0623121 0.0560204 0.0564295 0.0577033 0.0611837 0.0285705 0.0239226 0.0237221 0.0000000 0.0341606 0.0360296 0.1045518 0.1223948 0.2274848 0.2015795 0.2406591 0.3947087 0.4011057 0.3044061 
nasLar1    0.0557186 0.0570024 0.0507538 0.0506506 0.0512831 0.0539483 0.0371595 0.0293500 0.0284790 0.0341606 0.0000000 0.0084263 0.1038384 0.1157929 0.2268559 0.1972080 0.2370832 0.4019833 0.3970830 0.2993201 
rhiRox1    0.0571795 0.0591089 0.0530411 0.0522442 0.0518165 0.0543692 0.0382242 0.0311699 0.0305349 0.0360296 0.0084263 0.0000000 0.1051750 0.1198823 0.2304833 0.2031254 0.2429078 0.4015643 0.4007086 0.3020276 
calJac3    0.1041688 0.1052868 0.0976505 0.0970589 0.0935994 0.0998316 0.1105920 0.1048921 0.1041021 0.1045518 0.1038384 0.1051750 0.0000000 0.0604968 0.2341702 0.2123918 0.2393170 0.3932757 0.3956853 0.3058121 
saiBol1    0.1184245 0.1205414 0.1117129 0.1096183 0.1082217 0.1142219 0.1262020 0.1203556 0.1194218 0.1223948 0.1157929 0.1198823 0.0604968 0.0000000 0.2435763 0.2215050 0.2455150 0.4104688 0.4117199 0.3166716 
tarSyr2    0.2279552 0.2313005 0.2141803 0.2126607 0.2247715 0.2255365 0.2329702 0.2292448 0.2272961 0.2274848 0.2268559 0.2304833 0.2341702 0.2435763 0.0000000 0.2367113 0.2680489 0.4227830 0.4188603 0.3263500 
micMur1    0.1997584 0.2051173 0.1875444 0.1852815 0.1970158 0.2035009 0.2123174 0.2049192 0.2013233 0.2015795 0.1972080 0.2031254 0.2123918 0.2215050 0.2367113 0.0000000 0.1757152 0.3898187 0.4054087 0.2786702 
otoGar3    0.2374966 0.2418276 0.2256440 0.2217373 0.2327892 0.2400134 0.2469037 0.2424037 0.2407350 0.2406591 0.2370832 0.2429078 0.2393170 0.2455150 0.2680489 0.1757152 0.0000000 0.4113580 0.4207082 0.3076780 
tupBel1    0.3972929 0.3964998 0.3836557 0.3922618 0.3908868 0.3902110 0.4021736 0.3989444 0.4000514 0.3947087 0.4019833 0.4015643 0.3932757 0.4104688 0.4227830 0.3898187 0.4113580 0.0000000 0.5260279 0.4324616 
mm10       0.4069321 0.4153544 0.3932246 0.3822818 0.3931097 0.4036750 0.4071849 0.4052482 0.4059417 0.4011057 0.3970830 0.4007086 0.3956853 0.4117199 0.4188603 0.4054087 0.4207082 0.5260279 0.0000000 0.4398178 
canFam3    0.2969241 0.3042308 0.2790224 0.2781645 0.2931837 0.3073255 0.3098360 0.3023794 0.3020619 0.3044061 0.2993201 0.3020276 0.3058121 0.3166716 0.3263500 0.2786702 0.3076780 0.4324616 0.4398178 0.0000000 
