8
hg38       0.0000000 0.0000010 0.1463893 0.1109197 0.1442566 0.1483169 0.1462013 0.0704774 
panTro4    0.0000010 0.0000000 0.1463893 0.1109197 0.1442566 0.1483169 0.1462013 0.0704774 
tarSyr2    0.1463893 0.1463893 0.0000000 0.0738239 0.1103792 0.1110489 0.1475335 0.1470971 
micMur1    0.1109197 0.1109197 0.0738239 0.0000000 0.1113494 0.0368305 0.1510947 0.1114459 
otoGar3    0.1442566 0.1442566 0.1103792 0.1113494 0.0000000 0.1488977 0.2259805 0.1449432 
tupBel1    0.1483169 0.1483169 0.1110489 0.0368305 0.1488977 0.0000000 0.1894972 0.1490441 
mm10       0.1462013 0.1462013 0.1475335 0.1510947 0.2259805 0.1894972 0.0000000 0.1104764 
canFam3    0.0704774 0.0704774 0.1470971 0.1114459 0.1449432 0.1490441 0.1104764 0.0000000 
