8
hg38       0.0000000 0.0000010 0.0470618 0.0470618 0.0994991 0.0994991 0.1584965 0.0989504 
panTro4    0.0000010 0.0000000 0.0470618 0.0470618 0.0994991 0.0994991 0.1584965 0.0989504 
calJac3    0.0470618 0.0470618 0.0000000 0.0000010 0.0487314 0.0487314 0.2137631 0.0484349 
saiBol1    0.0470618 0.0470618 0.0000010 0.0000000 0.0487314 0.0487314 0.2137631 0.0484349 
otoGar3    0.0994991 0.0994991 0.0487314 0.0487314 0.0000000 0.0000010 0.1590464 0.1026747 
tupBel1    0.0994991 0.0994991 0.0487314 0.0487314 0.0000010 0.0000000 0.1590464 0.1026747 
mm10       0.1584965 0.1584965 0.2137631 0.2137631 0.1590464 0.1590464 0.0000000 0.1583068 
canFam3    0.0989504 0.0989504 0.0484349 0.0484349 0.1026747 0.1026747 0.1583068 0.0000000 
