18
hg38       0.0000000 0.0000010 0.0578725 0.0564340 0.0572689 0.0572689 0.0773327 0.0769794 0.0373821 0.0765948 0.2390061 0.2185473 0.4281466 0.5287891 0.6498640 0.6488091 0.8451253 0.7474243 
panTro4    0.0000010 0.0000000 0.0578725 0.0564340 0.0572689 0.0572689 0.0773327 0.0769794 0.0373821 0.0765948 0.2390061 0.2185473 0.4281466 0.5287891 0.6498640 0.6488091 0.8451253 0.7474243 
ponAbe2    0.0578725 0.0578725 0.0000000 0.1031470 0.1206266 0.1206266 0.1259154 0.1418472 0.0811181 0.1246644 0.2862439 0.2695123 0.4859738 0.6273621 0.7278518 0.7320343 0.8669586 0.8452863 
nomLeu3    0.0564340 0.0564340 0.1031470 0.0000000 0.1174776 0.1174776 0.1185273 0.1381141 0.0763830 0.1174070 0.2234197 0.2256255 0.4394280 0.6311412 0.6812400 0.6900670 0.8300066 0.7993923 
rheMac3    0.0572689 0.0572689 0.1206266 0.1174776 0.0000000 0.0000010 0.0184206 0.0183477 0.0567607 0.0565674 0.2639503 0.2433239 0.4856925 0.5637974 0.6026801 0.6445658 0.8277056 0.7561231 
macFas5    0.0572689 0.0572689 0.1206266 0.1174776 0.0000010 0.0000000 0.0184206 0.0183477 0.0567607 0.0565674 0.2639503 0.2433239 0.4856925 0.5637974 0.6026801 0.6445658 0.8277056 0.7561231 
papAnu2    0.0773327 0.0773327 0.1259154 0.1185273 0.0184206 0.0184206 0.0000000 0.0371413 0.0374457 0.0373200 0.2393145 0.2690431 0.4912453 0.6018044 0.6092971 0.6841971 0.8580315 0.8036146 
chlSab2    0.0769794 0.0769794 0.1418472 0.1381141 0.0183477 0.0183477 0.0371413 0.0000000 0.0762902 0.0760297 0.2880425 0.2673292 0.4540252 0.5302851 0.5694568 0.6101952 0.8063535 0.7693169 
nasLar1    0.0373821 0.0373821 0.0811181 0.0763830 0.0567607 0.0567607 0.0374457 0.0762902 0.0000000 0.0370896 0.1889360 0.2163109 0.4661620 0.5215410 0.6089281 0.6395492 0.8147998 0.7487144 
rhiRox1    0.0765948 0.0765948 0.1246644 0.1174070 0.0565674 0.0565674 0.0373200 0.0760297 0.0370896 0.0000000 0.2370391 0.2664701 0.4982738 0.5956702 0.6241859 0.6773245 0.8488601 0.7946081 
calJac3    0.2390061 0.2390061 0.2862439 0.2234197 0.2639503 0.2639503 0.2393145 0.2880425 0.1889360 0.2370391 0.0000000 0.1659108 0.6623188 0.7482013 0.9300454 0.6459817 0.9884619 0.9493556 
saiBol1    0.2185473 0.2185473 0.2695123 0.2256255 0.2433239 0.2433239 0.2690431 0.2673292 0.2163109 0.2664701 0.1659108 0.0000000 0.5608127 0.6317794 0.7741076 0.4997903 0.8669925 0.7039809 
tarSyr2    0.4281466 0.4281466 0.4859738 0.4394280 0.4856925 0.4856925 0.4912453 0.4540252 0.4661620 0.4982738 0.6623188 0.5608127 0.0000000 0.8951259 0.7580251 0.8267674 1.2009729 0.9536227 
micMur1    0.5287891 0.5287891 0.6273621 0.6311412 0.5637974 0.5637974 0.6018044 0.5302851 0.5215410 0.5956702 0.7482013 0.6317794 0.8951259 0.0000000 0.2822973 0.6482949 0.6476488 0.8378378 
otoGar3    0.6498640 0.6498640 0.7278518 0.6812400 0.6026801 0.6026801 0.6092971 0.5694568 0.6089281 0.6241859 0.9300454 0.7741076 0.7580251 0.2822973 0.0000000 0.6703485 0.6042178 0.9324951 
tupBel1    0.6488091 0.6488091 0.7320343 0.6900670 0.6445658 0.6445658 0.6841971 0.6101952 0.6395492 0.6773245 0.6459817 0.4997903 0.8267674 0.6482949 0.6703485 0.0000000 0.5841774 0.7718346 
mm10       0.8451253 0.8451253 0.8669586 0.8300066 0.8277056 0.8277056 0.8580315 0.8063535 0.8147998 0.8488601 0.9884619 0.8669925 1.2009729 0.6476488 0.6042178 0.5841774 0.0000000 1.1072166 
canFam3    0.7474243 0.7474243 0.8452863 0.7993923 0.7561231 0.7561231 0.8036146 0.7693169 0.7487144 0.7946081 0.9493556 0.7039809 0.9536227 0.8378378 0.9324951 0.7718346 1.1072166 0.0000000 
