9
hg38       0.0000000 0.0165718 0.0165718 0.0000010 0.0332988 0.0339147 0.1224608 0.0166866 0.0335257 
panTro4    0.0165718 0.0000000 0.0000010 0.0165718 0.0502419 0.0511636 0.1261356 0.0335691 0.0505892 
panPan1    0.0165718 0.0000010 0.0000000 0.0165718 0.0502419 0.0511636 0.1261356 0.0335691 0.0505892 
gorGor3    0.0000010 0.0165718 0.0165718 0.0000000 0.0332988 0.0339147 0.1224608 0.0166866 0.0335257 
calJac3    0.0332988 0.0502419 0.0502419 0.0332988 0.0000000 0.0519871 0.1592034 0.0505914 0.0333355 
tarSyr2    0.0339147 0.0511636 0.0511636 0.0339147 0.0519871 0.0000000 0.1620325 0.0515256 0.0342157 
tupBel1    0.1224608 0.1261356 0.1261356 0.1224608 0.1592034 0.1620325 0.0000000 0.1418629 0.1604275 
mm10       0.0166866 0.0335691 0.0335691 0.0166866 0.0505914 0.0515256 0.1418629 0.0000000 0.0509435 
canFam3    0.0335257 0.0505892 0.0505892 0.0335257 0.0333355 0.0342157 0.1604275 0.0509435 0.0000000 
