16
hg38       0.0000000 0.0361949 0.0361949 0.0745486 0.0745486 0.0953166 0.0953166 0.1168925 0.1176623 0.1385251 0.2933680 0.2380050 0.2397707 0.8282032 0.6038871 0.3117077 
panTro4    0.0361949 0.0000000 0.0000010 0.0365661 0.0365661 0.0562469 0.0562469 0.0765965 0.0768570 0.0968999 0.2915537 0.2344253 0.2335726 0.8361857 0.5901774 0.2825173 
panPan1    0.0361949 0.0000010 0.0000000 0.0365661 0.0365661 0.0562469 0.0562469 0.0765965 0.0768570 0.0968999 0.2915537 0.2344253 0.2335726 0.8361857 0.5901774 0.2825173 
ponAbe2    0.0745486 0.0365661 0.0365661 0.0000000 0.0000010 0.0963306 0.0963306 0.1181571 0.0777890 0.0980922 0.2631720 0.2653422 0.2639412 0.9105656 0.6145152 0.3160440 
nomLeu3    0.0745486 0.0365661 0.0365661 0.0000010 0.0000000 0.0963306 0.0963306 0.1181571 0.0777890 0.0980922 0.2631720 0.2653422 0.2639412 0.9105656 0.6145152 0.3160440 
rheMac3    0.0953166 0.0562469 0.0562469 0.0963306 0.0963306 0.0000000 0.0000010 0.0180145 0.1166285 0.1372782 0.2928987 0.2086006 0.2819153 0.8547393 0.5949987 0.3300377 
macFas5    0.0953166 0.0562469 0.0562469 0.0963306 0.0963306 0.0000010 0.0000000 0.0180145 0.1166285 0.1372782 0.2928987 0.2086006 0.2819153 0.8547393 0.5949987 0.3300377 
rhiRox1    0.1168925 0.0765965 0.0765965 0.1181571 0.1181571 0.0180145 0.0180145 0.0000000 0.1393093 0.1606701 0.3216723 0.2386118 0.3139707 0.8761148 0.6068916 0.3612275 
calJac3    0.1176623 0.0768570 0.0768570 0.0777890 0.0777890 0.1166285 0.1166285 0.1393093 0.0000000 0.0187582 0.2394407 0.2780473 0.2649762 0.9052514 0.5578095 0.3062294 
saiBol1    0.1385251 0.0968999 0.0968999 0.0980922 0.0980922 0.1372782 0.1372782 0.1606701 0.0187582 0.0000000 0.2636471 0.2780473 0.2649762 0.9550530 0.5616325 0.3080506 
tarSyr2    0.2933680 0.2915537 0.2915537 0.2631720 0.2631720 0.2928987 0.2928987 0.3216723 0.2394407 0.2636471 0.0000000 0.3728967 0.3916979 0.9319896 0.6056209 0.2553427 
micMur1    0.2380050 0.2344253 0.2344253 0.2653422 0.2653422 0.2086006 0.2086006 0.2386118 0.2780473 0.2780473 0.3728967 0.0000000 0.1984524 0.9285770 0.6287717 0.3863682 
otoGar3    0.2397707 0.2335726 0.2335726 0.2639412 0.2639412 0.2819153 0.2819153 0.3139707 0.2649762 0.2649762 0.3916979 0.1984524 0.0000000 1.0017209 0.6385489 0.2778968 
tupBel1    0.8282032 0.8361857 0.8361857 0.9105656 0.9105656 0.8547393 0.8547393 0.8761148 0.9052514 0.9550530 0.9319896 0.9285770 1.0017209 0.0000000 0.9052088 0.7858217 
mm10       0.6038871 0.5901774 0.5901774 0.6145152 0.6145152 0.5949987 0.5949987 0.6068916 0.5578095 0.5616325 0.6056209 0.6287717 0.6385489 0.9052088 0.0000000 0.5700191 
canFam3    0.3117077 0.2825173 0.2825173 0.3160440 0.3160440 0.3300377 0.3300377 0.3612275 0.3062294 0.3080506 0.2553427 0.3863682 0.2778968 0.7858217 0.5700191 0.0000000 
