11
hg38       0.0000000 0.0000010 0.0547118 0.0547118 0.0268134 0.0849288 0.0282097 0.0282097 0.0566347 0.1897694 0.0558903 
panTro4    0.0000010 0.0000000 0.0547118 0.0547118 0.0268134 0.0849288 0.0282097 0.0282097 0.0566347 0.1897694 0.0558903 
rheMac3    0.0547118 0.0547118 0.0000000 0.0000010 0.0265757 0.1200544 0.0886046 0.0886046 0.1167897 0.2415027 0.0553164 
macFas5    0.0547118 0.0547118 0.0000010 0.0000000 0.0265757 0.1200544 0.0886046 0.0886046 0.1167897 0.2415027 0.0553164 
chlSab2    0.0268134 0.0268134 0.0265757 0.0265757 0.0000000 0.0887166 0.0578161 0.0578161 0.0864915 0.2079973 0.0270581 
tarSyr2    0.0849288 0.0849288 0.1200544 0.1200544 0.0887166 0.0000000 0.1227733 0.1227733 0.0891699 0.1186634 0.1237903 
micMur1    0.0282097 0.0282097 0.0886046 0.0886046 0.0578161 0.1227733 0.0000000 0.0000010 0.0649981 0.2129814 0.0910315 
otoGar3    0.0282097 0.0282097 0.0886046 0.0886046 0.0578161 0.1227733 0.0000010 0.0000000 0.0649981 0.2129814 0.0910315 
tupBel1    0.0566347 0.0566347 0.1167897 0.1167897 0.0864915 0.0891699 0.0649981 0.0649981 0.0000000 0.1595338 0.1202517 
mm10       0.1897694 0.1897694 0.2415027 0.2415027 0.2079973 0.1186634 0.2129814 0.2129814 0.1595338 0.0000000 0.2532229 
canFam3    0.0558903 0.0558903 0.0553164 0.0553164 0.0270581 0.1237903 0.0910315 0.0910315 0.1202517 0.2532229 0.0000000 
