6
hg38       0.0000000 0.0000010 0.0175803 0.0174489 0.0356073 0.0539257 
panTro4    0.0000010 0.0000000 0.0175803 0.0174489 0.0356073 0.0539257 
micMur1    0.0175803 0.0175803 0.0000000 0.0354105 0.0178007 0.0359546 
otoGar3    0.0174489 0.0174489 0.0354105 0.0000000 0.0538062 0.0724336 
tupBel1    0.0356073 0.0356073 0.0178007 0.0538062 0.0000000 0.0546546 
mm10       0.0539257 0.0539257 0.0359546 0.0724336 0.0546546 0.0000000 
