11
hg38       0.0000000 0.0000010 0.0263863 0.0132103 0.0265584 0.0670633 0.0397603 0.0396367 0.0672987 0.0672354 0.0804898 
panTro4    0.0000010 0.0000000 0.0263863 0.0132103 0.0265584 0.0670633 0.0397603 0.0396367 0.0672987 0.0672354 0.0804898 
nomLeu3    0.0263863 0.0263863 0.0000000 0.0399988 0.0536148 0.0947733 0.0668872 0.0666762 0.0951156 0.0950255 0.1083381 
calJac3    0.0132103 0.0132103 0.0399988 0.0000000 0.0132948 0.0537108 0.0535789 0.0534100 0.0538976 0.0815577 0.0949218 
saiBol1    0.0265584 0.0265584 0.0536148 0.0132948 0.0000000 0.0674910 0.0673312 0.0671171 0.0677294 0.0956689 0.1090710 
tarSyr2    0.0670633 0.0670633 0.0947733 0.0537108 0.0674910 0.0000000 0.0535795 0.0534106 0.0538982 0.0540024 0.0673432 
micMur1    0.0397603 0.0397603 0.0668872 0.0535789 0.0673312 0.0535795 0.0000000 0.0263875 0.0537655 0.0537149 0.0669847 
otoGar3    0.0396367 0.0396367 0.0666762 0.0534100 0.0671171 0.0534106 0.0263875 0.0000000 0.0535954 0.0535451 0.0667740 
tupBel1    0.0672987 0.0672987 0.0951156 0.0538976 0.0677294 0.0538982 0.0537655 0.0535954 0.0000000 0.0818474 0.0952588 
mm10       0.0672354 0.0672354 0.0950255 0.0815577 0.0956689 0.0540024 0.0537149 0.0535451 0.0818474 0.0000000 0.0951684 
canFam3    0.0804898 0.0804898 0.1083381 0.0949218 0.1090710 0.0673432 0.0669847 0.0667740 0.0952588 0.0951684 0.0000000 
