9
hg38       0.0000000 0.0000010 0.0272185 0.0273487 0.0273487 0.0550091 0.0552661 0.0552661 0.0273459 
panTro4    0.0000010 0.0000000 0.0272185 0.0273487 0.0273487 0.0550091 0.0552661 0.0552661 0.0273459 
rheMac3    0.0272185 0.0272185 0.0000000 0.0550412 0.0550412 0.0830171 0.0834072 0.0834072 0.0550242 
calJac3    0.0273487 0.0273487 0.0550412 0.0000000 0.0000010 0.0267497 0.0268712 0.0268712 0.0317292 
saiBol1    0.0273487 0.0273487 0.0550412 0.0000010 0.0000000 0.0267497 0.0268712 0.0268712 0.0317292 
tarSyr2    0.0550091 0.0550091 0.0830171 0.0267497 0.0267497 0.0000000 0.0540176 0.0540176 0.0625877 
micMur1    0.0552661 0.0552661 0.0834072 0.0268712 0.0268712 0.0540176 0.0000000 0.0000010 0.0629091 
otoGar3    0.0552661 0.0552661 0.0834072 0.0268712 0.0268712 0.0540176 0.0000010 0.0000000 0.0629091 
canFam3    0.0273459 0.0273459 0.0550242 0.0317292 0.0317292 0.0625877 0.0629091 0.0629091 0.0000000 
