19
hg38       0.0000000 0.0000010 0.0182606 0.0392179 0.0182606 0.1157069 0.1157069 0.1081928 0.0855187 0.0653604 0.0653604 0.2609419 0.2712049 0.5815339 0.3906416 0.5408393 0.9552352 1.0103262 0.8296268 
panTro4    0.0000010 0.0000000 0.0182606 0.0392179 0.0182606 0.1157069 0.1157069 0.1081928 0.0855187 0.0653604 0.0653604 0.2609419 0.2712049 0.5815339 0.3906416 0.5408393 0.9552352 1.0103262 0.8296268 
panPan1    0.0182606 0.0182606 0.0000000 0.0590524 0.0000010 0.1386862 0.1386862 0.1301752 0.1072039 0.0605813 0.0605813 0.2864175 0.2968076 0.6097164 0.4161813 0.5673955 0.9903229 1.0433001 0.8603287 
ponAbe2    0.0392179 0.0392179 0.0590524 0.0000000 0.0590524 0.1099287 0.1099287 0.1029979 0.0813789 0.0621366 0.0621366 0.1965993 0.2338543 0.5915132 0.3167432 0.4531137 0.8212921 0.9180042 0.7146415 
nomLeu3    0.0182606 0.0182606 0.0000010 0.0590524 0.0000000 0.1386862 0.1386862 0.1301752 0.1072039 0.0605813 0.0605813 0.2864175 0.2968076 0.6097164 0.4161813 0.5673955 0.9903229 1.0433001 0.8603287 
rheMac3    0.1157069 0.1157069 0.1386862 0.1099287 0.1386862 0.0000000 0.0000010 0.0410902 0.0204173 0.0949023 0.0949023 0.2850974 0.2952046 0.5825218 0.3495550 0.4883659 0.8266821 0.9606622 0.6341635 
macFas5    0.1157069 0.1157069 0.1386862 0.1099287 0.1386862 0.0000010 0.0000000 0.0410902 0.0204173 0.0949023 0.0949023 0.2850974 0.2952046 0.5825218 0.3495550 0.4883659 0.8266821 0.9606622 0.6341635 
papAnu2    0.1081928 0.1081928 0.1301752 0.1029979 0.1301752 0.0410902 0.0410902 0.0000000 0.0189011 0.0884014 0.0884014 0.2710321 0.2808442 0.5858162 0.2751793 0.4048028 0.7737353 0.9014566 0.6241259 
chlSab2    0.0855187 0.0855187 0.1072039 0.0813789 0.1072039 0.0204173 0.0204173 0.0189011 0.0000000 0.0658719 0.0658719 0.2434183 0.2529383 0.5489062 0.3064181 0.4399520 0.8081331 0.8935395 0.6201302 
nasLar1    0.0653604 0.0653604 0.0605813 0.0621366 0.0605813 0.0949023 0.0949023 0.0884014 0.0658719 0.0000000 0.0000010 0.2938347 0.3042394 0.5930076 0.3596746 0.5020065 0.9714879 0.9419548 0.7719414 
rhiRox1    0.0653604 0.0653604 0.0605813 0.0621366 0.0605813 0.0949023 0.0949023 0.0884014 0.0658719 0.0000010 0.0000000 0.2938347 0.3042394 0.5930076 0.3596746 0.5020065 0.9714879 0.9419548 0.7719414 
calJac3    0.2609419 0.2609419 0.2864175 0.1965993 0.2864175 0.2850974 0.2850974 0.2710321 0.2434183 0.2938347 0.2938347 0.0000000 0.0591609 0.9698547 0.4949097 0.4427273 1.0019341 1.0519837 0.7744346 
saiBol1    0.2712049 0.2712049 0.2968076 0.2338543 0.2968076 0.2952046 0.2952046 0.2808442 0.2529383 0.3042394 0.3042394 0.0591609 0.0000000 0.8602688 0.4250180 0.4123186 1.0130681 0.9720797 0.7898083 
tarSyr2    0.5815339 0.5815339 0.6097164 0.5915132 0.6097164 0.5825218 0.5825218 0.5858162 0.5489062 0.5930076 0.5930076 0.9698547 0.8602688 0.0000000 0.7657294 0.9039860 1.3414305 1.0978815 1.0833699 
micMur1    0.3906416 0.3906416 0.4161813 0.3167432 0.4161813 0.3495550 0.3495550 0.2751793 0.3064181 0.3596746 0.3596746 0.4949097 0.4250180 0.7657294 0.0000000 0.3380408 0.8037911 0.8097263 0.5394682 
otoGar3    0.5408393 0.5408393 0.5673955 0.4531137 0.5673955 0.4883659 0.4883659 0.4048028 0.4399520 0.5020065 0.5020065 0.4427273 0.4123186 0.9039860 0.3380408 0.0000000 0.9426718 0.9476200 0.7093185 
tupBel1    0.9552352 0.9552352 0.9903229 0.8212921 0.9903229 0.8266821 0.8266821 0.7737353 0.8081331 0.9714879 0.9714879 1.0019341 1.0130681 1.3414305 0.8037911 0.9426718 0.0000000 0.8506339 0.5024813 
mm10       1.0103262 1.0103262 1.0433001 0.9180042 1.0433001 0.9606622 0.9606622 0.9014566 0.8935395 0.9419548 0.9419548 1.0519837 0.9720797 1.0978815 0.8097263 0.9476200 0.8506339 0.0000000 0.6874082 
canFam3    0.8296268 0.8296268 0.8603287 0.7146415 0.8603287 0.6341635 0.6341635 0.6241259 0.6201302 0.7719414 0.7719414 0.7744346 0.7898083 1.0833699 0.5394682 0.7093185 0.5024813 0.6874082 0.0000000 
