10
hg38       0.0000000 0.0000010 0.0163774 0.0164667 0.0164234 0.0164234 0.0675674 0.1840437 0.0670987 0.0685314 
panTro4    0.0000010 0.0000000 0.0163774 0.0164667 0.0164234 0.0164234 0.0675674 0.1840437 0.0670987 0.0685314 
gorGor3    0.0163774 0.0163774 0.0000000 0.0330268 0.0329394 0.0329394 0.0847036 0.2030640 0.0841173 0.0858997 
chlSab2    0.0164667 0.0164667 0.0330268 0.0000000 0.0331205 0.0331205 0.0502639 0.2044152 0.0846003 0.0864031 
nasLar1    0.0164234 0.0164234 0.0329394 0.0331205 0.0000000 0.0000010 0.0849646 0.2038303 0.0843746 0.0861681 
saiBol1    0.0164234 0.0164234 0.0329394 0.0331205 0.0000010 0.0000000 0.0849646 0.2038303 0.0843746 0.0861681 
otoGar3    0.0675674 0.0675674 0.0847036 0.0502639 0.0849646 0.0849646 0.0000000 0.2085081 0.1390206 0.1419665 
tupBel1    0.1840437 0.1840437 0.2030640 0.2044152 0.2038303 0.2038303 0.2085081 0.0000000 0.1819126 0.2005906 
mm10       0.0670987 0.0670987 0.0841173 0.0846003 0.0843746 0.0843746 0.1390206 0.1819126 0.0000000 0.1028762 
canFam3    0.0685314 0.0685314 0.0858997 0.0864031 0.0861681 0.0861681 0.1419665 0.2005906 0.1028762 0.0000000 
