10
hg38       0.0000000 0.0182863 0.0182863 0.0369091 0.0369091 0.0555098 0.0367369 0.0557032 0.0555074 0.0558316 
panTro4    0.0182863 0.0000000 0.0000010 0.0183937 0.0183937 0.0368846 0.0183087 0.0370132 0.0744426 0.0370988 
panPan1    0.0182863 0.0000010 0.0000000 0.0183937 0.0183937 0.0368846 0.0183087 0.0370132 0.0744426 0.0370988 
rheMac3    0.0369091 0.0183937 0.0183937 0.0000000 0.0000010 0.0558485 0.0369559 0.0560440 0.0939474 0.0561740 
macFas5    0.0369091 0.0183937 0.0183937 0.0000010 0.0000000 0.0558485 0.0369559 0.0560440 0.0939474 0.0561740 
tarSyr2    0.0555098 0.0368846 0.0368846 0.0558485 0.0558485 0.0000000 0.0555817 0.0749258 0.1130308 0.0750992 
otoGar3    0.0367369 0.0183087 0.0183087 0.0369559 0.0369559 0.0555817 0.0000000 0.0184106 0.0753090 0.0375429 
tupBel1    0.0557032 0.0370132 0.0370132 0.0560440 0.0560440 0.0749258 0.0184106 0.0000000 0.0951655 0.0569283 
mm10       0.0555074 0.0744426 0.0744426 0.0939474 0.0939474 0.1130308 0.0753090 0.0951655 0.0000000 0.0739582 
canFam3    0.0558316 0.0370988 0.0370988 0.0561740 0.0561740 0.0750992 0.0375429 0.0569283 0.0739582 0.0000000 
