10
hg38       0.0000000 0.0735666 0.0735666 0.1612289 0.2595085 0.1524746 0.2362600 0.4673533 0.4368333 0.4651798 
panTro4    0.0735666 0.0000000 0.0000010 0.0773121 0.1658018 0.0733702 0.1516962 0.3882593 0.5083552 0.4251342 
panPan1    0.0735666 0.0000010 0.0000000 0.0773121 0.1658018 0.0733702 0.1516962 0.3882593 0.5083552 0.4251342 
gorGor3    0.1612289 0.0773121 0.0773121 0.0000000 0.2753999 0.1605585 0.2492648 0.5455201 0.6816629 0.5528395 
tarSyr2    0.2595085 0.1658018 0.1658018 0.2753999 0.0000000 0.0800707 0.1665220 0.4464105 0.5938365 0.3471908 
micMur1    0.1524746 0.0733702 0.0733702 0.1605585 0.0800707 0.0000000 0.0735438 0.2805867 0.3939746 0.3338137 
otoGar3    0.2362600 0.1516962 0.1516962 0.2492648 0.1665220 0.0735438 0.0000000 0.3923268 0.5155257 0.4291302 
tupBel1    0.4673533 0.3882593 0.3882593 0.5455201 0.4464105 0.2805867 0.3923268 0.0000000 0.2511616 0.3870744 
mm10       0.4368333 0.5083552 0.5083552 0.6816629 0.5938365 0.3939746 0.5155257 0.2511616 0.0000000 0.4896610 
canFam3    0.4651798 0.4251342 0.4251342 0.5528395 0.3471908 0.3338137 0.4291302 0.3870744 0.4896610 0.0000000 
