16
hg38       0.0000000 0.0000010 0.0316841 0.0628243 0.0628243 0.1018966 0.1018966 0.0967744 0.3139515 0.3080432 0.4404262 0.3289504 0.2788723 0.5181267 0.5264858 0.5346511 
panTro4    0.0000010 0.0000000 0.0316841 0.0628243 0.0628243 0.1018966 0.1018966 0.0967744 0.3139515 0.3080432 0.4404262 0.3289504 0.2788723 0.5181267 0.5264858 0.5346511 
gorGor3    0.0316841 0.0316841 0.0000000 0.0961555 0.0961555 0.1388376 0.1388376 0.1316821 0.3610144 0.3542099 0.3912106 0.3779984 0.3255192 0.4633579 0.4762937 0.5917576 
ponAbe2    0.0628243 0.0628243 0.0961555 0.0000000 0.0000010 0.0679060 0.0679060 0.0312960 0.2758476 0.2705796 0.3935437 0.2855134 0.2373364 0.4653681 0.4481142 0.4738121 
nomLeu3    0.0628243 0.0628243 0.0961555 0.0000010 0.0000000 0.0679060 0.0679060 0.0312960 0.2758476 0.2705796 0.3935437 0.2855134 0.2373364 0.4653681 0.4481142 0.4738121 
rheMac3    0.1018966 0.1018966 0.1388376 0.0679060 0.0679060 0.0000000 0.0000010 0.0330180 0.3991092 0.3910335 0.5382324 0.4127498 0.3552716 0.6333969 0.5611003 0.5474429 
macFas5    0.1018966 0.1018966 0.1388376 0.0679060 0.0679060 0.0000010 0.0000000 0.0330180 0.3991092 0.3910335 0.5382324 0.4127498 0.3552716 0.6333969 0.5611003 0.5474429 
rhiRox1    0.0967744 0.0967744 0.1316821 0.0312960 0.0312960 0.0330180 0.0330180 0.0000000 0.3255967 0.3192962 0.4505003 0.3367629 0.2855134 0.5303957 0.4726401 0.4556398 
calJac3    0.3139515 0.3139515 0.3610144 0.2758476 0.2758476 0.3991092 0.3991092 0.3255967 0.0000000 0.0635330 0.2498300 0.1945376 0.1513240 0.3516710 0.3653264 0.4649556 
saiBol1    0.3080432 0.3080432 0.3542099 0.2705796 0.2705796 0.3910335 0.3910335 0.3192962 0.0635330 0.0000000 0.2751992 0.2129463 0.1722220 0.3626599 0.3748024 0.4555892 
tarSyr2    0.4404262 0.4404262 0.3912106 0.3935437 0.3935437 0.5382324 0.5382324 0.4505003 0.2498300 0.2751992 0.0000000 0.2110939 0.1708252 0.2241750 0.3200071 0.5031803 
micMur1    0.3289504 0.3289504 0.3779984 0.2855134 0.2855134 0.4127498 0.4127498 0.3367629 0.1945376 0.2129463 0.2110939 0.0000000 0.0313193 0.1021884 0.2803056 0.3531862 
otoGar3    0.2788723 0.2788723 0.3255192 0.2373364 0.2373364 0.3552716 0.3552716 0.2855134 0.1513240 0.1722220 0.1708252 0.0313193 0.0000000 0.1404432 0.2385936 0.3333727 
tupBel1    0.5181267 0.5181267 0.4633579 0.4653681 0.4653681 0.6333969 0.6333969 0.5303957 0.3516710 0.3626599 0.2241750 0.1021884 0.1404432 0.0000000 0.2526253 0.4262539 
mm10       0.5264858 0.5264858 0.4762937 0.4481142 0.4481142 0.5611003 0.5611003 0.4726401 0.3653264 0.3748024 0.3200071 0.2803056 0.2385936 0.2526253 0.0000000 0.4910723 
canFam3    0.5346511 0.5346511 0.5917576 0.4738121 0.4738121 0.5474429 0.5474429 0.4556398 0.4649556 0.4555892 0.5031803 0.3531862 0.3333727 0.4262539 0.4910723 0.0000000 
