17
hg38       0.0000000 0.0000010 0.0168982 0.0524640 0.0168982 0.0341655 0.0341655 0.0345470 0.0516001 0.0894813 0.0704487 0.1766081 0.1783973 0.1391777 0.2100969 0.3833465 0.1795041 
panTro4    0.0000010 0.0000000 0.0168982 0.0524640 0.0168982 0.0341655 0.0341655 0.0345470 0.0516001 0.0894813 0.0704487 0.1766081 0.1783973 0.1391777 0.2100969 0.3833465 0.1795041 
gorGor3    0.0168982 0.0168982 0.0000000 0.0345439 0.0000010 0.0168785 0.0168785 0.0170634 0.0339859 0.0706886 0.0521792 0.1551057 0.1565514 0.1180038 0.1886259 0.3551980 0.1575220 
ponAbe2    0.0524640 0.0524640 0.0345439 0.0000000 0.0345439 0.0524037 0.0524037 0.0530058 0.0346975 0.0701032 0.0517696 0.1138646 0.1549150 0.1628878 0.2351760 0.3291352 0.1558641 
nomLeu3    0.0168982 0.0168982 0.0000010 0.0345439 0.0000000 0.0168785 0.0168785 0.0170634 0.0339859 0.0706886 0.0521792 0.1551057 0.1565514 0.1180038 0.1886259 0.3551980 0.1575220 
rheMac3    0.0341655 0.0341655 0.0168785 0.0524037 0.0168785 0.0000000 0.0000010 0.0000010 0.0166667 0.0703277 0.0519173 0.1331306 0.1556782 0.1150563 0.1876174 0.3530622 0.1566386 
macFas5    0.0341655 0.0341655 0.0168785 0.0524037 0.0168785 0.0000010 0.0000000 0.0000010 0.0166667 0.0703277 0.0519173 0.1331306 0.1556782 0.1150563 0.1876174 0.3530622 0.1566386 
papAnu2    0.0345470 0.0345470 0.0170634 0.0530058 0.0170634 0.0000010 0.0000010 0.0000000 0.0168469 0.0711484 0.0525093 0.1348384 0.1577467 0.1165266 0.1900497 0.3588777 0.1587325 
chlSab2    0.0516001 0.0516001 0.0339859 0.0346975 0.0339859 0.0166667 0.0166667 0.0168469 0.0000000 0.0885424 0.0697164 0.1134701 0.1764162 0.1349632 0.2078880 0.3578589 0.1775010 
calJac3    0.0894813 0.0894813 0.0706886 0.0701032 0.0706886 0.0703277 0.0703277 0.0711484 0.0885424 0.0000000 0.0339923 0.1506950 0.1325359 0.1575144 0.1687641 0.3194915 0.1333393 
saiBol1    0.0704487 0.0704487 0.0521792 0.0517696 0.0521792 0.0519173 0.0519173 0.0525093 0.0697164 0.0339923 0.0000000 0.1310679 0.1128290 0.1370163 0.1901126 0.2951049 0.1135142 
tarSyr2    0.1766081 0.1766081 0.1551057 0.1138646 0.1551057 0.1331306 0.1331306 0.1348384 0.1134701 0.1506950 0.1310679 0.0000000 0.1724861 0.1446275 0.1806523 0.2578084 0.1914742 
micMur1    0.1783973 0.1783973 0.1565514 0.1549150 0.1565514 0.1556782 0.1556782 0.1577467 0.1764162 0.1325359 0.1128290 0.1724861 0.0000000 0.1378916 0.2302707 0.3069867 0.1077806 
otoGar3    0.1391777 0.1391777 0.1180038 0.1628878 0.1180038 0.1150563 0.1150563 0.1165266 0.1349632 0.1575144 0.1370163 0.1446275 0.1378916 0.0000000 0.1983479 0.3542373 0.2001623 
tupBel1    0.2100969 0.2100969 0.1886259 0.2351760 0.1886259 0.1876174 0.1876174 0.1900497 0.2078880 0.1687641 0.1901126 0.1806523 0.2302707 0.1983479 0.0000000 0.3699206 0.2494244 
mm10       0.3833465 0.3833465 0.3551980 0.3291352 0.3551980 0.3530622 0.3530622 0.3588777 0.3578589 0.3194915 0.2951049 0.2578084 0.3069867 0.3542373 0.3699206 0.0000000 0.3311182 
canFam3    0.1795041 0.1795041 0.1575220 0.1558641 0.1575220 0.1566386 0.1566386 0.1587325 0.1775010 0.1333393 0.1135142 0.1914742 0.1077806 0.2001623 0.2494244 0.3311182 0.0000000 
