16
hg38       0.0000000 0.0000010 0.0272119 0.0559941 0.0274981 0.0274981 0.0557318 0.0557318 0.0545360 0.0270209 0.1141443 0.0270209 0.0549681 0.1126850 0.2951872 0.0542255 
panTro4    0.0000010 0.0000000 0.0272119 0.0559941 0.0274981 0.0274981 0.0557318 0.0557318 0.0545360 0.0270209 0.1141443 0.0270209 0.0549681 0.1126850 0.2951872 0.0542255 
gorGor3    0.0272119 0.0272119 0.0000000 0.0850771 0.0557001 0.0557001 0.0846927 0.0846927 0.0828367 0.0547105 0.0845633 0.0547105 0.0835172 0.1427736 0.2601030 0.0823596 
rheMac3    0.0559941 0.0559941 0.0850771 0.0000000 0.0273744 0.0273744 0.0554806 0.0554806 0.1136302 0.0844150 0.1787336 0.0844150 0.1146145 0.1764310 0.3298671 0.1129583 
macFas5    0.0274981 0.0274981 0.0557001 0.0273744 0.0000000 0.0000010 0.0272437 0.0272437 0.0837195 0.0552881 0.1462331 0.0552881 0.0844151 0.1443504 0.2928152 0.0832322 
papAnu2    0.0274981 0.0274981 0.0557001 0.0273744 0.0000010 0.0000000 0.0272437 0.0272437 0.0837195 0.0552881 0.1462331 0.0552881 0.0844151 0.1443504 0.2928152 0.0832322 
nasLar1    0.0557318 0.0557318 0.0846927 0.0554806 0.0272437 0.0272437 0.0000000 0.0000010 0.1131397 0.0840356 0.1732801 0.0840356 0.0557145 0.1449608 0.2585717 0.1124729 
rhiRox1    0.0557318 0.0557318 0.0846927 0.0554806 0.0272437 0.0272437 0.0000010 0.0000000 0.1131397 0.0840356 0.1732801 0.0840356 0.0557145 0.1449608 0.2585717 0.1124729 
calJac3    0.0545360 0.0545360 0.0828367 0.1136302 0.0837195 0.0837195 0.1131397 0.1131397 0.0000000 0.0270010 0.1738186 0.0270010 0.0546422 0.1119512 0.2925801 0.1100006 
saiBol1    0.0270209 0.0270209 0.0547105 0.0844150 0.0552881 0.0552881 0.0840356 0.0840356 0.0270010 0.0000000 0.1433894 0.0000010 0.0828789 0.1415785 0.3279454 0.0817400 
tarSyr2    0.1141443 0.1141443 0.0845633 0.1787336 0.1462331 0.1462331 0.1732801 0.1732801 0.1738186 0.1433894 0.0000000 0.1433894 0.1707027 0.2367635 0.3693055 0.1727714 
micMur1    0.0270209 0.0270209 0.0547105 0.0844150 0.0552881 0.0552881 0.0840356 0.0840356 0.0270010 0.0000010 0.1433894 0.0000000 0.0828789 0.1415785 0.3279454 0.0817400 
otoGar3    0.0549681 0.0549681 0.0835172 0.1146145 0.0844151 0.0844151 0.0557145 0.0557145 0.0546422 0.0828789 0.1707027 0.0828789 0.0000000 0.0838665 0.2264904 0.1109202 
tupBel1    0.1126850 0.1126850 0.1427736 0.1764310 0.1443504 0.1443504 0.1449608 0.1449608 0.1119512 0.1415785 0.2367635 0.1415785 0.0838665 0.0000000 0.3091478 0.1706122 
mm10       0.2951872 0.2951872 0.2601030 0.3298671 0.2928152 0.2928152 0.2585717 0.2585717 0.2925801 0.3279454 0.3693055 0.3279454 0.2264904 0.3091478 0.0000000 0.3612860 
canFam3    0.0542255 0.0542255 0.0823596 0.1129583 0.0832322 0.0832322 0.1124729 0.1124729 0.1100006 0.0817400 0.1727714 0.0817400 0.1109202 0.1706122 0.3612860 0.0000000 
