17
hg38       0.0000000 0.0000010 0.0176865 0.0555422 0.0358375 0.0358375 0.0552415 0.0549067 0.0176865 0.1248483 0.1001853 0.1325524 0.2719868 0.4121620 0.3067254 0.3450086 0.2254576 
panTro4    0.0000010 0.0000000 0.0176865 0.0555422 0.0358375 0.0358375 0.0552415 0.0549067 0.0176865 0.1248483 0.1001853 0.1325524 0.2719868 0.4121620 0.3067254 0.3450086 0.2254576 
ponAbe2    0.0176865 0.0176865 0.0000000 0.0368494 0.0177914 0.0177914 0.0366131 0.0363885 0.0000010 0.1037422 0.0797747 0.1135302 0.2412210 0.4405753 0.2816957 0.3194711 0.2042977 
nomLeu3    0.0555422 0.0555422 0.0368494 0.0000000 0.0560602 0.0560602 0.0768444 0.0763690 0.0368494 0.1525082 0.1258858 0.1577029 0.2938305 0.5326994 0.3476244 0.3713082 0.2108114 
rheMac3    0.0358375 0.0358375 0.0177914 0.0560602 0.0000000 0.0000010 0.0176263 0.0175211 0.0177914 0.0795412 0.0573855 0.0912115 0.2682236 0.3900424 0.2431400 0.3567779 0.2307539 
macFas5    0.0358375 0.0358375 0.0177914 0.0560602 0.0000010 0.0000000 0.0176263 0.0175211 0.0177914 0.0795412 0.0573855 0.0912115 0.2682236 0.3900424 0.2431400 0.3567779 0.2307539 
papAnu2    0.0552415 0.0552415 0.0366131 0.0768444 0.0176263 0.0176263 0.0000000 0.0176613 0.0366131 0.1024122 0.0788349 0.1121884 0.2971615 0.3903920 0.2527589 0.3951515 0.1936031 
chlSab2    0.0549067 0.0549067 0.0363885 0.0763690 0.0175211 0.0175211 0.0176613 0.0000000 0.0363885 0.1017516 0.0783325 0.1115406 0.2955990 0.3943128 0.2403052 0.3929971 0.2175647 
nasLar1    0.0176865 0.0176865 0.0000010 0.0368494 0.0177914 0.0177914 0.0366131 0.0363885 0.0000000 0.1037422 0.0797747 0.1135302 0.2412210 0.4405753 0.2816957 0.3194711 0.2042977 
calJac3    0.1248483 0.1248483 0.1037422 0.1525082 0.0795412 0.0795412 0.1024122 0.1017516 0.1037422 0.0000000 0.0815742 0.1895741 0.2559763 0.3485603 0.2642109 0.5540958 0.2921246 
saiBol1    0.1001853 0.1001853 0.0797747 0.1258858 0.0573855 0.0573855 0.0788349 0.0783325 0.0797747 0.0815742 0.0000000 0.1627540 0.3126184 0.3678921 0.2541168 0.4387124 0.2494743 
tarSyr2    0.1325524 0.1325524 0.1135302 0.1577029 0.0912115 0.0912115 0.1121884 0.1115406 0.1135302 0.1895741 0.1627540 0.0000000 0.2608227 0.4165299 0.2975925 0.3463608 0.3248002 
micMur1    0.2719868 0.2719868 0.2412210 0.2938305 0.2682236 0.2682236 0.2971615 0.2955990 0.2412210 0.2559763 0.3126184 0.2608227 0.0000000 0.4809865 0.4940191 0.5785924 0.3511693 
otoGar3    0.4121620 0.4121620 0.4405753 0.5326994 0.3900424 0.3900424 0.3903920 0.3943128 0.4405753 0.3485603 0.3678921 0.4165299 0.4809865 0.0000000 0.6681700 0.8642919 0.5460652 
tupBel1    0.3067254 0.3067254 0.2816957 0.3476244 0.2431400 0.2431400 0.2527589 0.2403052 0.2816957 0.2642109 0.2541168 0.2975925 0.4940191 0.6681700 0.0000000 0.6501809 0.3525388 
mm10       0.3450086 0.3450086 0.3194711 0.3713082 0.3567779 0.3567779 0.3951515 0.3929971 0.3194711 0.5540958 0.4387124 0.3463608 0.5785924 0.8642919 0.6501809 0.0000000 0.3978923 
canFam3    0.2254576 0.2254576 0.2042977 0.2108114 0.2307539 0.2307539 0.1936031 0.2175647 0.2042977 0.2921246 0.2494743 0.3248002 0.3511693 0.5460652 0.3525388 0.3978923 0.0000000 
