20
hg38       0.0000000 0.0355876 0.0176113 0.0176113 0.0553625 0.0364115 0.0558645 0.0558645 0.0971526 0.0761776 0.1166255 0.1390238 0.1577012 0.1603257 0.3022638 0.0000010 0.5590831 0.9298324 0.6269906 0.6013346 
panTro4    0.0355876 0.0000000 0.0177197 0.0177197 0.0557831 0.0366639 0.0551133 0.0551133 0.0957335 0.0751070 0.1585593 0.1821187 0.1594173 0.1500213 0.3029562 0.0000010 0.5531570 0.8411339 0.5965261 0.6160804 
panPan1    0.0176113 0.0177197 0.0000000 0.0000010 0.0367808 0.0181433 0.0751451 0.0751451 0.1173535 0.0959766 0.1370251 0.1598706 0.1380138 0.1402555 0.2749378 0.0000010 0.5264428 0.8906376 0.5933270 0.5875386 
gorGor3    0.0176113 0.0177197 0.0000010 0.0000000 0.0367808 0.0181433 0.0751451 0.0751451 0.1173535 0.0959766 0.1370251 0.1598706 0.1380138 0.1402555 0.2749378 0.0000010 0.5264428 0.8906376 0.5933270 0.5875386 
ponAbe2    0.0553625 0.0557831 0.0367808 0.0367808 0.0000000 0.0369243 0.1183857 0.1183857 0.1640476 0.0971299 0.1851298 0.1619360 0.1670525 0.1700218 0.3177112 9.0000000 0.5861166 0.9633303 0.6094508 0.6534144 
nomLeu3    0.0364115 0.0366639 0.0181433 0.0181433 0.0369243 0.0000000 0.0971102 0.0971102 0.1412854 0.0963806 0.1616961 0.1605861 0.1365142 0.1386966 0.2706564 0.0000010 0.5164463 0.8342825 0.5818137 0.5757502 
rheMac3    0.0558645 0.0551133 0.0751451 0.0751451 0.1183857 0.0971102 0.0000000 0.0000010 0.0361854 0.0177075 0.1371807 0.1601246 0.2312994 0.2246937 0.4029689 0.0000010 0.6643561 0.8708515 0.5934407 0.6377173 
macFas5    0.0558645 0.0551133 0.0751451 0.0751451 0.1183857 0.0971102 0.0000010 0.0000000 0.0361854 0.0177075 0.1371807 0.1601246 0.2312994 0.2246937 0.4029689 0.0000010 0.6643561 0.8708515 0.5934407 0.6377173 
papAnu2    0.0971526 0.0957335 0.1173535 0.1173535 0.1640476 0.1412854 0.0361854 0.0361854 0.0000000 0.0554521 0.1759014 0.1998573 0.2393968 0.2329383 0.4668485 0.0000010 0.7073962 0.8531556 0.5970282 0.6537714 
chlSab2    0.0761776 0.0751070 0.0959766 0.0959766 0.0971299 0.0963806 0.0177075 0.0177075 0.0554521 0.0000000 0.1601246 0.1379090 0.2379640 0.2315077 0.4136203 0.0000010 0.6776488 0.8718653 0.6062934 0.6505074 
nasLar1    0.1166255 0.1585593 0.1370251 0.1370251 0.1851298 0.1616961 0.1371807 0.1371807 0.1759014 0.1601246 0.0000000 0.0175232 0.2780565 0.3127927 0.5026720 0.0000010 0.7457353 0.9410261 0.6293566 0.7543681 
rhiRox1    0.1390238 0.1821187 0.1598706 0.1598706 0.1619360 0.1605861 0.1601246 0.1601246 0.1998573 0.1379090 0.0175232 0.0000000 0.2859624 0.3212836 0.5146534 0.0000010 0.7611150 0.9426880 0.6427723 0.7694607 
calJac3    0.1577012 0.1594173 0.1380138 0.1380138 0.1670525 0.1365142 0.2312994 0.2312994 0.2393968 0.2379640 0.2780565 0.2859624 0.0000000 0.1207959 0.2923358 0.0000010 0.5103155 0.8539769 0.6019861 0.6044229 
saiBol1    0.1603257 0.1500213 0.1402555 0.1402555 0.1700218 0.1386966 0.2246937 0.2246937 0.2329383 0.2315077 0.3127927 0.3212836 0.1207959 0.0000000 0.2989763 0.0000010 0.5785593 0.9386562 0.6652294 0.5723417 
tarSyr2    0.3022638 0.3029562 0.2749378 0.2749378 0.3177112 0.2706564 0.4029689 0.4029689 0.4668485 0.4136203 0.5026720 0.5146534 0.2923358 0.2989763 0.0000000 0.0000010 0.5203303 0.8601269 0.6387120 0.4760091 
micMur1    0.0000010 0.0000010 0.0000010 0.0000010 9.0000000 0.0000010 0.0000010 0.0000010 0.0000010 0.0000010 0.0000010 0.0000010 0.0000010 0.0000010 0.0000010 0.0000000 0.0000010 0.0000010 9.0000000 0.0000010 
otoGar3    0.5590831 0.5531570 0.5264428 0.5264428 0.5861166 0.5164463 0.6643561 0.6643561 0.7073962 0.6776488 0.7457353 0.7611150 0.5103155 0.5785593 0.5203303 0.0000010 0.0000000 1.0632849 0.7839846 0.6989834 
tupBel1    0.9298324 0.8411339 0.8906376 0.8906376 0.9633303 0.8342825 0.8708515 0.8708515 0.8531556 0.8718653 0.9410261 0.9426880 0.8539769 0.9386562 0.8601269 0.0000010 1.0632849 0.0000000 1.1178745 1.1839587 
mm10       0.6269906 0.5965261 0.5933270 0.5933270 0.6094508 0.5818137 0.5934407 0.5934407 0.5970282 0.6062934 0.6293566 0.6427723 0.6019861 0.6652294 0.6387120 9.0000000 0.7839846 1.1178745 0.0000000 0.9877175 
canFam3    0.6013346 0.6160804 0.5875386 0.5875386 0.6534144 0.5757502 0.6377173 0.6377173 0.6537714 0.6505074 0.7543681 0.7694607 0.6044229 0.5723417 0.4760091 0.0000010 0.6989834 1.1839587 0.9877175 0.0000000 
