9
hg38       0.0000000 0.0000010 0.1028674 0.1008195 0.1008195 0.1553438 0.0472678 0.2650073 0.0993098 
panTro4    0.0000010 0.0000000 0.1028674 0.1008195 0.1008195 0.1553438 0.0472678 0.2650073 0.0993098 
saiBol1    0.1028674 0.1028674 0.0000000 0.2047778 0.2047778 0.2714962 0.1628538 0.3261363 0.1984871 
tarSyr2    0.1008195 0.1008195 0.2047778 0.0000000 0.0000010 0.0463061 0.0475447 0.2219046 0.0976137 
micMur1    0.1008195 0.1008195 0.2047778 0.0000010 0.0000000 0.0463061 0.0475447 0.2219046 0.0976137 
otoGar3    0.1553438 0.1553438 0.2714962 0.0463061 0.0463061 0.0000000 0.0983952 0.2776010 0.0473826 
tupBel1    0.0472678 0.0472678 0.1628538 0.0475447 0.0475447 0.0983952 0.0000000 0.2035010 0.1553438 
mm10       0.2650073 0.2650073 0.3261363 0.2219046 0.2219046 0.2776010 0.2035010 0.0000000 0.3462675 
canFam3    0.0993098 0.0993098 0.1984871 0.0976137 0.0976137 0.0473826 0.1553438 0.3462675 0.0000000 
