18
uc001ggs.5_hg38_2_13    0.0000000 0.0109305 0.0165343 0.0000010 0.0054206 0.0054206 0.0054206 0.0054206 0.0109305 0.0109305 0.0407424 0.0166944 0.0789967 0.0464879 0.0403216 0.2539812 0.1011436 0.0722635 
uc001ggs.5_panTro4_2_13 0.0109305 0.0000000 0.0054206 0.0109305 0.0165343 0.0165343 0.0165343 0.0165343 0.0222314 0.0222314 0.0407424 0.0166944 0.0928275 0.0591482 0.0527626 0.2748989 0.1159591 0.0858506 
uc001ggs.5_panPan1_2_13 0.0165343 0.0054206 0.0000000 0.0165343 0.0222314 0.0222314 0.0222314 0.0222314 0.0280249 0.0280249 0.0469810 0.0224502 0.0858506 0.0656484 0.0591482 0.2856241 0.1235720 0.0928275 
uc001ggs.5_gorGor3_2_13 0.0000010 0.0109305 0.0165343 0.0000000 0.0054206 0.0054206 0.0054206 0.0054206 0.0109305 0.0109305 0.0407424 0.0166944 0.0789967 0.0464879 0.0403216 0.2539812 0.1011436 0.0722635 
uc001ggs.5_ponAbe2_2_13 0.0054206 0.0165343 0.0222314 0.0054206 0.0000000 0.0109305 0.0109305 0.0109305 0.0054206 0.0054206 0.0469810 0.0224502 0.0858506 0.0527626 0.0464879 0.2437880 0.0939361 0.0656484 
uc001ggs.5_nomLeu3_2_13 0.0054206 0.0165343 0.0222314 0.0054206 0.0109305 0.0000000 0.0109305 0.0109305 0.0165343 0.0165343 0.0469810 0.0224502 0.0858506 0.0527626 0.0464879 0.2643514 0.1084838 0.0656484 
uc001ggs.5_rheMac3_2_13 0.0054206 0.0165343 0.0222314 0.0054206 0.0109305 0.0109305 0.0000000 0.0000010 0.0054206 0.0054206 0.0469810 0.0224502 0.0858506 0.0527626 0.0464879 0.2643514 0.1084838 0.0789967 
uc001ggs.5_macFas5_2_13 0.0054206 0.0165343 0.0222314 0.0054206 0.0109305 0.0109305 0.0000010 0.0000000 0.0054206 0.0054206 0.0469810 0.0224502 0.0858506 0.0527626 0.0464879 0.2643514 0.1084838 0.0789967 
uc001ggs.5_nasLar1_2_13 0.0109305 0.0222314 0.0280249 0.0109305 0.0054206 0.0165343 0.0054206 0.0054206 0.0000000 0.0000010 0.0533327 0.0283050 0.0928275 0.0591482 0.0527626 0.2539812 0.1011436 0.0722635 
uc001ggs.5_rhiRox1_2_13 0.0109305 0.0222314 0.0280249 0.0109305 0.0054206 0.0165343 0.0054206 0.0054206 0.0000010 0.0000000 0.0533327 0.0283050 0.0928275 0.0591482 0.0527626 0.2539812 0.1011436 0.0722635 
uc001ggs.5_calJac3_2_13 0.0407424 0.0407424 0.0469810 0.0407424 0.0469810 0.0469810 0.0469810 0.0469810 0.0533327 0.0533327 0.0000000 0.0224502 0.1174396 0.0739245 0.0671317 0.3075230 0.1268307 0.0950744 
uc001ggs.5_saiBol1_2_13 0.0166944 0.0166944 0.0224502 0.0166944 0.0224502 0.0224502 0.0224502 0.0224502 0.0283050 0.0283050 0.0224502 0.0000000 0.0868586 0.0469810 0.0407424 0.2583272 0.1098450 0.0799087 
uc001ggs.5_tarSyr2_2_13 0.0789967 0.0928275 0.0858506 0.0789967 0.0858506 0.0858506 0.0858506 0.0858506 0.0928275 0.0928275 0.1174396 0.0868586 0.0000000 0.0799087 0.1011436 0.2376462 0.1174396 0.0939361 
uc001ggs.5_micMur1_2_13 0.0464879 0.0591482 0.0656484 0.0464879 0.0527626 0.0527626 0.0527626 0.0527626 0.0591482 0.0591482 0.0739245 0.0469810 0.0799087 0.0000000 0.0533327 0.2376462 0.1023908 0.0868586 
uc001ggs.5_otoGar3_2_13 0.0403216 0.0527626 0.0591482 0.0403216 0.0464879 0.0464879 0.0464879 0.0464879 0.0527626 0.0527626 0.0671317 0.0407424 0.1011436 0.0533327 0.0000000 0.2478945 0.1098450 0.0939361 
uc001ggs.5_tupBel1_2_13 0.2539812 0.2748989 0.2856241 0.2539812 0.2437880 0.2643514 0.2643514 0.2643514 0.2539812 0.2539812 0.3075230 0.2583272 0.2376462 0.2376462 0.2478945 0.0000000 0.2737284 0.2689448 
uc001ggs.5_mm10_2_13    0.1011436 0.1159591 0.1235720 0.1011436 0.0939361 0.1084838 0.1084838 0.1084838 0.1011436 0.1011436 0.1268307 0.1098450 0.1174396 0.1023908 0.1098450 0.2737284 0.0000000 0.1251774 
uc001ggs.5_canFam3_2_13 0.0722635 0.0858506 0.0928275 0.0722635 0.0656484 0.0656484 0.0789967 0.0789967 0.0722635 0.0722635 0.0950744 0.0799087 0.0939361 0.0868586 0.0939361 0.2689448 0.1251774 0.0000000 
