14
uc001ggs.5_hg38_5_13    0.0000000 0.0000010 0.0097990 0.0097990 0.0097990 0.0098647 0.0199184 0.0197816 0.0408970 0.0301639 0.0870922 0.1778681 0.3224043 0.1267063 
uc001ggs.5_panTro4_5_13 0.0000010 0.0000000 0.0097990 0.0097990 0.0097990 0.0098647 0.0199184 0.0197816 0.0408970 0.0301639 0.0870922 0.1778681 0.3224043 0.1267063 
uc001ggs.5_gorGor3_5_13 0.0097990 0.0097990 0.0000000 0.0197816 0.0197816 0.0199184 0.0301639 0.0299551 0.0516266 0.0406082 0.0990224 0.1778681 0.3224043 0.1139066 
uc001ggs.5_ponAbe2_5_13 0.0097990 0.0097990 0.0197816 0.0000000 0.0000010 0.0199184 0.0301639 0.0299551 0.0516266 0.0406082 0.0990224 0.1919592 0.3412422 0.1397991 
uc001ggs.5_rheMac3_5_13 0.0097990 0.0097990 0.0197816 0.0000010 0.0000000 0.0199184 0.0301639 0.0299551 0.0516266 0.0406082 0.0990224 0.1919592 0.3412422 0.1397991 
uc001ggs.5_chlSab2_5_13 0.0098647 0.0098647 0.0199184 0.0199184 0.0199184 0.0000000 0.0303757 0.0301639 0.0520013 0.0408970 0.0997988 0.1936292 0.3447720 0.1256764 
uc001ggs.5_calJac3_5_13 0.0199184 0.0199184 0.0301639 0.0301639 0.0301639 0.0303757 0.0000000 0.0199184 0.0630312 0.0408970 0.0997988 0.2082121 0.3644284 0.1544980 
uc001ggs.5_saiBol1_5_13 0.0197816 0.0197816 0.0299551 0.0299551 0.0299551 0.0301639 0.0199184 0.0000000 0.0625711 0.0512573 0.1112110 0.2063921 0.3606501 0.1531958 
uc001ggs.5_tarSyr2_5_13 0.0408970 0.0408970 0.0516266 0.0516266 0.0516266 0.0520013 0.0630312 0.0625711 0.0000000 0.0301639 0.0870922 0.1641051 0.3041068 0.1139066 
uc001ggs.5_micMur1_5_13 0.0301639 0.0301639 0.0406082 0.0406082 0.0406082 0.0408970 0.0408970 0.0512573 0.0301639 0.0000000 0.0523815 0.1763679 0.3011013 0.1256764 
uc001ggs.5_otoGar3_5_13 0.0870922 0.0870922 0.0990224 0.0990224 0.0990224 0.0997988 0.0997988 0.1112110 0.0870922 0.0523815 0.0000000 0.2428848 0.3377813 0.2006160 
uc001ggs.5_tupBel1_5_13 0.1778681 0.1778681 0.1778681 0.1919592 0.1919592 0.1936292 0.2082121 0.2063921 0.1641051 0.1763679 0.2428848 0.0000000 0.3728188 0.1953290 
uc001ggs.5_mm10_5_13    0.3224043 0.3224043 0.3224043 0.3412422 0.3412422 0.3447720 0.3644284 0.3606501 0.3041068 0.3011013 0.3377813 0.3728188 0.0000000 0.3682824 
uc001ggs.5_canFam3_5_13 0.1267063 0.1267063 0.1139066 0.1397991 0.1397991 0.1256764 0.1544980 0.1531958 0.1139066 0.1256764 0.2006160 0.1953290 0.3682824 0.0000000 
