18
uc001ggs.5_hg38_9_13    0.0000000 0.0000010 0.0134664 0.0273945 0.0410215 0.0271392 0.0271392 0.0410215 0.0701196 0.0414153 0.0551162 0.0997263 0.1654759 0.1964302 0.2722389 0.6109235 0.4615450 0.5214526 
uc001ggs.5_panTro4_9_13 0.0000010 0.0000000 0.0134664 0.0273945 0.0410215 0.0271392 0.0271392 0.0410215 0.0701196 0.0414153 0.0551162 0.0997263 0.1654759 0.1964302 0.2722389 0.6109235 0.4615450 0.5214526 
uc001ggs.5_panPan1_9_13 0.0134664 0.0134664 0.0000000 0.0414153 0.0551162 0.0410215 0.0410215 0.0551162 0.0848089 0.0556559 0.0694257 0.1148738 0.1820219 0.2132268 0.2906351 0.6109235 0.4828245 0.4975928 
uc001ggs.5_gorGor3_9_13 0.0273945 0.0273945 0.0414153 0.0000000 0.0414153 0.0556559 0.0556559 0.0701196 0.1007777 0.0708283 0.0848089 0.1007777 0.1842270 0.1988252 0.3137834 0.6838087 0.4917187 0.5574669 
uc001ggs.5_nomLeu3_9_13 0.0410215 0.0410215 0.0551162 0.0414153 0.0000000 0.0694257 0.0694257 0.0839524 0.1148738 0.0848089 0.0986984 0.0848089 0.2158854 0.1798771 0.2541023 0.6109235 0.4404338 0.5214526 
uc001ggs.5_rheMac3_9_13 0.0271392 0.0271392 0.0410215 0.0556559 0.0694257 0.0000000 0.0000010 0.0134664 0.0414153 0.0135906 0.0551162 0.0701196 0.1988252 0.1635686 0.2362300 0.5570898 0.4195146 0.5214526 
uc001ggs.5_macFas5_9_13 0.0271392 0.0271392 0.0410215 0.0556559 0.0694257 0.0000010 0.0000000 0.0134664 0.0414153 0.0135906 0.0551162 0.0701196 0.1988252 0.1635686 0.2362300 0.5570898 0.4195146 0.5214526 
uc001ggs.5_chlSab2_9_13 0.0410215 0.0410215 0.0551162 0.0701196 0.0839524 0.0134664 0.0134664 0.0000000 0.0556559 0.0273945 0.0694257 0.0848089 0.2158854 0.1798771 0.2186255 0.5838760 0.4404338 0.5455302 
uc001ggs.5_nasLar1_9_13 0.0701196 0.0701196 0.0848089 0.1007777 0.1148738 0.0414153 0.0414153 0.0556559 0.0000000 0.0271392 0.0997263 0.0856843 0.2541023 0.2158854 0.2947643 0.6552189 0.4917187 0.5825624 
uc001ggs.5_rhiRox1_9_13 0.0414153 0.0414153 0.0556559 0.0708283 0.0848089 0.0135906 0.0135906 0.0273945 0.0271392 0.0000000 0.0701196 0.0856843 0.2186255 0.1820219 0.2575449 0.5985916 0.4481988 0.5574669 
uc001ggs.5_calJac3_9_13 0.0551162 0.0551162 0.0694257 0.0848089 0.0986984 0.0551162 0.0551162 0.0694257 0.0997263 0.0701196 0.0000000 0.0997263 0.1988252 0.2302649 0.2722389 0.6109235 0.4615450 0.5697862 
uc001ggs.5_saiBol1_9_13 0.0997263 0.0997263 0.1148738 0.1007777 0.0848089 0.0701196 0.0701196 0.0848089 0.0856843 0.0856843 0.0997263 0.0000000 0.2906351 0.2158854 0.2947643 0.6838087 0.4917187 0.6331614 
uc001ggs.5_tarSyr2_9_13 0.1654759 0.1654759 0.1820219 0.1842270 0.2158854 0.1988252 0.1988252 0.2158854 0.2541023 0.2186255 0.1988252 0.2906351 0.0000000 0.3526020 0.3723806 0.6224298 0.5814088 0.5578001 
uc001ggs.5_micMur1_9_13 0.1964302 0.1964302 0.2132268 0.1988252 0.1798771 0.1635686 0.1635686 0.1798771 0.2158854 0.1820219 0.2302649 0.2158854 0.3526020 0.0000000 0.2906351 0.5306201 0.3581081 0.5189060 
uc001ggs.5_otoGar3_9_13 0.2722389 0.2722389 0.2906351 0.3137834 0.2541023 0.2362300 0.2362300 0.2186255 0.2947643 0.2575449 0.2722389 0.2947643 0.3723806 0.2906351 0.0000000 0.5284120 0.4739862 0.6751103 
uc001ggs.5_tupBel1_9_13 0.6109235 0.6109235 0.6109235 0.6838087 0.6109235 0.5570898 0.5570898 0.5838760 0.6552189 0.5985916 0.6109235 0.6838087 0.6224298 0.5306201 0.5284120 0.0000000 0.5566615 0.7500730 
uc001ggs.5_mm10_9_13    0.4615450 0.4615450 0.4828245 0.4917187 0.4404338 0.4195146 0.4195146 0.4404338 0.4917187 0.4481988 0.4615450 0.4917187 0.5814088 0.3581081 0.4739862 0.5566615 0.0000000 0.7411282 
uc001ggs.5_canFam3_9_13 0.5214526 0.5214526 0.4975928 0.5574669 0.5214526 0.5214526 0.5214526 0.5455302 0.5825624 0.5574669 0.5697862 0.6331614 0.5578001 0.5189060 0.6751103 0.7500730 0.7411282 0.0000000 
