11
uc001ggs.5_hg38_8_13    0.0000000 0.0000010 0.0273073 0.0135389 0.0135389 0.1163474 0.1009040 0.1191689 0.3448983 0.2387997 0.1664157 
uc001ggs.5_panTro4_8_13 0.0000010 0.0000000 0.0273073 0.0135389 0.0135389 0.1163474 0.1009040 0.1191689 0.3448983 0.2387997 0.1664157 
uc001ggs.5_ponAbe2_8_13 0.0273073 0.0273073 0.0000000 0.0135389 0.0135389 0.0857269 0.1009040 0.1191689 0.3243869 0.2758053 0.1664157 
uc001ggs.5_nomLeu3_8_13 0.0135389 0.0135389 0.0135389 0.0000000 0.0000010 0.1009040 0.0857269 0.1032969 0.3243869 0.2571445 0.1499009 
uc001ggs.5_rheMac3_8_13 0.0135389 0.0135389 0.0135389 0.0000010 0.0000000 0.1009040 0.0857269 0.1032969 0.3243869 0.2571445 0.1499009 
uc001ggs.5_tarSyr2_8_13 0.1163474 0.1163474 0.0857269 0.1009040 0.1009040 0.0000000 0.1020852 0.1206370 0.2609887 0.3191193 0.1685801 
uc001ggs.5_micMur1_8_13 0.1009040 0.1009040 0.1009040 0.0857269 0.0857269 0.1020852 0.0000000 0.1045404 0.2609887 0.2994097 0.1856638 
uc001ggs.5_otoGar3_8_13 0.1191689 0.1191689 0.1191689 0.1032969 0.1032969 0.1206370 0.1045404 0.0000000 0.3637677 0.3092438 0.1856638 
uc001ggs.5_tupBel1_8_13 0.3448983 0.3448983 0.3243869 0.3243869 0.3243869 0.2609887 0.2609887 0.3637677 0.0000000 0.4808132 0.3791429 
uc001ggs.5_mm10_8_13    0.2387997 0.2387997 0.2758053 0.2571445 0.2571445 0.3191193 0.2994097 0.3092438 0.4808132 0.0000000 0.3869429 
uc001ggs.5_canFam3_8_13 0.1664157 0.1664157 0.1664157 0.1499009 0.1499009 0.1685801 0.1856638 0.1856638 0.3791429 0.3869429 0.0000000 
