10
uc001ggs.5_hg38_7_13    0.0000000 0.0128698 0.0128698 0.0395179 0.0688793 0.0930832 0.0676871 0.0676643 0.1623940 0.0531621 
uc001ggs.5_panTro4_7_13 0.0128698 0.0000000 0.0000010 0.0261885 0.0547560 0.0930832 0.0538202 0.0828191 0.1467092 0.0677433 
uc001ggs.5_panPan1_7_13 0.0128698 0.0000010 0.0000000 0.0261885 0.0547560 0.0930832 0.0538202 0.0828191 0.1467092 0.0677433 
uc001ggs.5_rhiRox1_7_13 0.0395179 0.0261885 0.0261885 0.0000000 0.0838257 0.1423217 0.0823414 0.1133131 0.1801629 0.0967245 
uc001ggs.5_tarSyr2_7_13 0.0688793 0.0547560 0.0547560 0.0838257 0.0000000 0.0448276 0.0547652 0.1158469 0.1496705 0.0689489 
uc001ggs.5_micMur1_7_13 0.0930832 0.0930832 0.0930832 0.1423217 0.0448276 0.0000000 0.0448276 0.1571160 0.0448276 0.0914864 
uc001ggs.5_otoGar3_7_13 0.0676871 0.0538202 0.0538202 0.0823414 0.0547652 0.0448276 0.0000000 0.0828504 0.1138755 0.0396135 
uc001ggs.5_tupBel1_7_13 0.0676643 0.0828191 0.0828191 0.1133131 0.1158469 0.1571160 0.0828504 0.0000000 0.1811377 0.0677433 
uc001ggs.5_mm10_7_13    0.1623940 0.1467092 0.1467092 0.1801629 0.1496705 0.0448276 0.1138755 0.1811377 0.0000000 0.1289359 
uc001ggs.5_canFam3_7_13 0.0531621 0.0677433 0.0677433 0.0967245 0.0689489 0.0914864 0.0396135 0.0677433 0.1289359 0.0000000 
