14
uc001ggs.5_hg38_4_13    0.0000000 0.0000010 0.0177824 0.0177824 0.0366355 0.0360569 0.0360569 0.0177824 0.0360569 0.0177824 0.1145744 0.0940798 0.0754287 0.1381636 
uc001ggs.5_panTro4_4_13 0.0000010 0.0000000 0.0177824 0.0177824 0.0366355 0.0360569 0.0360569 0.0177824 0.0360569 0.0177824 0.1145744 0.0940798 0.0754287 0.1381636 
uc001ggs.5_rheMac3_4_13 0.0177824 0.0177824 0.0000000 0.0000010 0.0180611 0.0177824 0.0177824 0.0360569 0.0548482 0.0360569 0.0940798 0.0741803 0.0957038 0.1604143 
uc001ggs.5_macFas5_4_13 0.0177824 0.0177824 0.0000010 0.0000000 0.0180611 0.0177824 0.0177824 0.0360569 0.0548482 0.0360569 0.0940798 0.0741803 0.0957038 0.1604143 
uc001ggs.5_papAnu2_4_13 0.0366355 0.0366355 0.0180611 0.0180611 0.0000000 0.0366355 0.0366355 0.0557489 0.0754287 0.0557489 0.1166047 0.0754287 0.0973875 0.1870108 
uc001ggs.5_nasLar1_4_13 0.0360569 0.0360569 0.0177824 0.0177824 0.0366355 0.0000000 0.0000010 0.0548482 0.0741803 0.0548482 0.0741803 0.0940798 0.1166047 0.1833922 
uc001ggs.5_rhiRox1_4_13 0.0360569 0.0360569 0.0177824 0.0177824 0.0366355 0.0000010 0.0000000 0.0548482 0.0741803 0.0548482 0.0741803 0.0940798 0.1166047 0.1833922 
uc001ggs.5_calJac3_4_13 0.0177824 0.0177824 0.0360569 0.0360569 0.0557489 0.0548482 0.0548482 0.0000000 0.0177824 0.0000010 0.0940798 0.0741803 0.0557489 0.1166047 
uc001ggs.5_saiBol1_4_13 0.0360569 0.0360569 0.0548482 0.0548482 0.0754287 0.0741803 0.0741803 0.0177824 0.0000000 0.0177824 0.1145744 0.0940798 0.0754287 0.1381636 
uc001ggs.5_tarSyr2_4_13 0.0177824 0.0177824 0.0360569 0.0360569 0.0557489 0.0548482 0.0548482 0.0000010 0.0177824 0.0000000 0.0940798 0.0741803 0.0557489 0.1166047 
uc001ggs.5_micMur1_4_13 0.1145744 0.1145744 0.0940798 0.0940798 0.1166047 0.0741803 0.0741803 0.0940798 0.1145744 0.0940798 0.0000000 0.0940798 0.1604143 0.1833922 
uc001ggs.5_otoGar3_4_13 0.0940798 0.0940798 0.0741803 0.0741803 0.0754287 0.0940798 0.0940798 0.0741803 0.0940798 0.0741803 0.0940798 0.0000000 0.0957038 0.2071340 
uc001ggs.5_tupBel1_4_13 0.0754287 0.0754287 0.0957038 0.0957038 0.0973875 0.1166047 0.1166047 0.0557489 0.0754287 0.0557489 0.1604143 0.0957038 0.0000000 0.1870108 
uc001ggs.5_mm10_4_13    0.1381636 0.1381636 0.1604143 0.1604143 0.1870108 0.1833922 0.1833922 0.1166047 0.1381636 0.1166047 0.1833922 0.2071340 0.1870108 0.0000000 
