17
uc001ggs.5_hg38_3_13    0.0000000 0.0000010 0.0210319 0.0210319 0.1396138 0.1396138 0.1651973 0.1651973 0.1651973 0.0874091 0.1370116 0.2139175 0.3199690 0.1876404 0.3035535 0.5208270 0.3835727 
uc001ggs.5_panTro4_3_13 0.0000010 0.0000000 0.0210319 0.0210319 0.1396138 0.1396138 0.1651973 0.1651973 0.1651973 0.0874091 0.1370116 0.2139175 0.3199690 0.1876404 0.3035535 0.5208270 0.3835727 
uc001ggs.5_ponAbe2_3_13 0.0210319 0.0210319 0.0000000 0.0000010 0.1147170 0.1147170 0.1396138 0.1396138 0.1396138 0.0647231 0.1126537 0.1876404 0.3199690 0.1620054 0.2745078 0.4857215 0.3508849 
uc001ggs.5_nomLeu3_3_13 0.0210319 0.0210319 0.0000010 0.0000000 0.1147170 0.1147170 0.1396138 0.1396138 0.1396138 0.0647231 0.1126537 0.1876404 0.3199690 0.1620054 0.2745078 0.4857215 0.3508849 
uc001ggs.5_rheMac3_3_13 0.1396138 0.1396138 0.1147170 0.1147170 0.0000000 0.0000010 0.0210319 0.0210319 0.0210319 0.1914767 0.2517363 0.2810033 0.3199690 0.3110224 0.3835727 0.5978062 0.5583519 
uc001ggs.5_macFas5_3_13 0.1396138 0.1396138 0.1147170 0.1147170 0.0000010 0.0000000 0.0210319 0.0210319 0.0210319 0.1914767 0.2517363 0.2810033 0.3199690 0.3110224 0.3835727 0.5978062 0.5583519 
uc001ggs.5_chlSab2_3_13 0.1651973 0.1651973 0.1396138 0.1396138 0.0210319 0.0210319 0.0000000 0.0426016 0.0426016 0.2184566 0.2810033 0.3110224 0.3199690 0.3417691 0.4169925 0.6375260 0.5978062 
uc001ggs.5_nasLar1_3_13 0.1651973 0.1651973 0.1396138 0.1396138 0.0210319 0.0210319 0.0426016 0.0000000 0.0000010 0.2184566 0.2810033 0.3110224 0.3199690 0.3417691 0.4169925 0.5583519 0.5978062 
uc001ggs.5_rhiRox1_3_13 0.1651973 0.1651973 0.1396138 0.1396138 0.0210319 0.0210319 0.0426016 0.0000010 0.0000000 0.2184566 0.2810033 0.3110224 0.3199690 0.3417691 0.4169925 0.5583519 0.5978062 
uc001ggs.5_calJac3_3_13 0.0874091 0.0874091 0.0647231 0.0647231 0.1914767 0.1914767 0.2184566 0.2184566 0.2184566 0.0000000 0.0432913 0.2683733 0.8344730 0.2139175 0.3635524 0.5208270 0.4510727 
uc001ggs.5_saiBol1_3_13 0.1370116 0.1370116 0.1126537 0.1126537 0.2517363 0.2517363 0.2810033 0.2810033 0.2810033 0.0432913 0.0000000 0.2745078 0.8344730 0.2745078 0.4052820 0.5017383 0.5017383 
uc001ggs.5_tarSyr2_3_13 0.2139175 0.2139175 0.1876404 0.1876404 0.2810033 0.2810033 0.3110224 0.3110224 0.3110224 0.2683733 0.2745078 0.0000000 0.3199690 0.2184566 0.3110224 0.4653746 0.2952456 
uc001ggs.5_micMur1_3_13 0.3199690 0.3199690 0.3199690 0.3199690 0.3199690 0.3199690 0.3199690 0.3199690 0.3199690 0.8344730 0.8344730 0.3199690 0.0000000 8.9999987 0.0000010 0.8344730 0.2454672 
uc001ggs.5_otoGar3_3_13 0.1876404 0.1876404 0.1620054 0.1620054 0.3110224 0.3110224 0.3417691 0.3417691 0.3417691 0.2139175 0.2745078 0.2184566 8.9999987 0.0000000 0.3110224 0.5386438 0.3606743 
uc001ggs.5_tupBel1_3_13 0.3035535 0.3035535 0.2745078 0.2745078 0.3835727 0.3835727 0.4169925 0.4169925 0.4169925 0.3635524 0.4052820 0.3110224 0.0000010 0.3110224 0.0000000 0.4435046 0.4510727 
uc001ggs.5_mm10_3_13    0.5208270 0.5208270 0.4857215 0.4857215 0.5978062 0.5978062 0.6375260 0.5583519 0.5583519 0.5208270 0.5017383 0.4653746 0.8344730 0.5386438 0.4435046 0.0000000 0.7412811 
uc001ggs.5_canFam3_3_13 0.3835727 0.3835727 0.3508849 0.3508849 0.5583519 0.5583519 0.5978062 0.5978062 0.5978062 0.4510727 0.5017383 0.2952456 0.2454672 0.3606743 0.4510727 0.7412811 0.0000000 
