20
uc001ggs.5_hg38_10_13    0.0000000 0.0058620 0.0058620 0.0119422 0.0118207 0.0178800 0.0180655 0.0180655 0.0240386 0.0240386 0.0240386 0.0178800 0.0436086 0.0374719 0.0744490 0.0670530 0.0830427 0.1425705 0.1983820 0.1492341 
uc001ggs.5_panTro4_10_13 0.0058620 0.0000000 0.0000010 0.0059209 0.0058620 0.0118207 0.0119422 0.0119422 0.0178800 0.0178800 0.0178800 0.0118207 0.0370625 0.0309567 0.0670530 0.0597877 0.0753993 0.1337811 0.1983820 0.1404661 
uc001ggs.5_panPan1_10_13 0.0058620 0.0000010 0.0000000 0.0059209 0.0058620 0.0118207 0.0119422 0.0119422 0.0178800 0.0178800 0.0178800 0.0118207 0.0370625 0.0309567 0.0670530 0.0597877 0.0753993 0.1337811 0.1983820 0.1404661 
uc001ggs.5_gorGor3_10_13 0.0119422 0.0059209 0.0059209 0.0000000 0.0119422 0.0180655 0.0182550 0.0182550 0.0242923 0.0242923 0.0242923 0.0180655 0.0440987 0.0378908 0.0753993 0.0678932 0.0841397 0.1447479 0.2117354 0.1515073 
uc001ggs.5_ponAbe2_10_13 0.0118207 0.0058620 0.0058620 0.0119422 0.0000000 0.0178800 0.0180655 0.0180655 0.0240386 0.0240386 0.0240386 0.0178800 0.0436086 0.0374719 0.0597877 0.0526515 0.0830427 0.1425705 0.2081877 0.1492341 
uc001ggs.5_nomLeu3_10_13 0.0178800 0.0118207 0.0118207 0.0180655 0.0178800 0.0000000 0.0180655 0.0180655 0.0178800 0.0178800 0.0178800 0.0118207 0.0370625 0.0309567 0.0819767 0.0597877 0.0753993 0.1515073 0.1983820 0.1404661 
uc001ggs.5_rheMac3_10_13 0.0180655 0.0119422 0.0119422 0.0182550 0.0180655 0.0180655 0.0000000 0.0000010 0.0119422 0.0119422 0.0119422 0.0059209 0.0440987 0.0378908 0.0830427 0.0678932 0.0841397 0.1447479 0.2117354 0.1515073 
uc001ggs.5_macFas5_10_13 0.0180655 0.0119422 0.0119422 0.0182550 0.0180655 0.0180655 0.0000010 0.0000000 0.0119422 0.0119422 0.0119422 0.0059209 0.0440987 0.0378908 0.0830427 0.0678932 0.0841397 0.1447479 0.2117354 0.1515073 
uc001ggs.5_papAnu2_10_13 0.0240386 0.0178800 0.0178800 0.0242923 0.0240386 0.0178800 0.0119422 0.0119422 0.0000000 0.0000010 0.0118207 0.0058620 0.0436086 0.0374719 0.0896374 0.0670530 0.0830427 0.1515073 0.1983820 0.1492341 
uc001ggs.5_chlSab2_10_13 0.0240386 0.0178800 0.0178800 0.0242923 0.0240386 0.0178800 0.0119422 0.0119422 0.0000010 0.0000000 0.0118207 0.0058620 0.0436086 0.0374719 0.0896374 0.0670530 0.0830427 0.1515073 0.1983820 0.1492341 
uc001ggs.5_nasLar1_10_13 0.0240386 0.0178800 0.0178800 0.0242923 0.0240386 0.0178800 0.0119422 0.0119422 0.0118207 0.0118207 0.0000000 0.0058620 0.0436086 0.0374719 0.0896374 0.0670530 0.0830427 0.1515073 0.2081877 0.1492341 
uc001ggs.5_rhiRox1_10_13 0.0178800 0.0118207 0.0118207 0.0180655 0.0178800 0.0118207 0.0059209 0.0059209 0.0058620 0.0058620 0.0058620 0.0000000 0.0370625 0.0309567 0.0819767 0.0597877 0.0753993 0.1425705 0.1983820 0.1404661 
uc001ggs.5_calJac3_10_13 0.0436086 0.0370625 0.0370625 0.0440987 0.0436086 0.0370625 0.0440987 0.0440987 0.0436086 0.0436086 0.0436086 0.0370625 0.0000000 0.0370625 0.0987459 0.0735244 0.0896374 0.1918432 0.2145082 0.1557779 
uc001ggs.5_saiBol1_10_13 0.0374719 0.0309567 0.0309567 0.0378908 0.0374719 0.0309567 0.0378908 0.0378908 0.0374719 0.0374719 0.0374719 0.0309567 0.0370625 0.0000000 0.0819767 0.0670530 0.0830427 0.1851545 0.1920766 0.1492341 
uc001ggs.5_tarSyr2_10_13 0.0744490 0.0670530 0.0670530 0.0753993 0.0597877 0.0819767 0.0830427 0.0830427 0.0896374 0.0896374 0.0896374 0.0819767 0.0987459 0.0819767 0.0000000 0.0532868 0.0841397 0.1631289 0.1857065 0.1337811 
uc001ggs.5_micMur1_10_13 0.0670530 0.0597877 0.0597877 0.0678932 0.0526515 0.0597877 0.0678932 0.0678932 0.0670530 0.0670530 0.0670530 0.0597877 0.0735244 0.0670530 0.0532868 0.0000000 0.0378908 0.1318393 0.1763799 0.1025954 
uc001ggs.5_otoGar3_10_13 0.0830427 0.0753993 0.0753993 0.0841397 0.0830427 0.0753993 0.0841397 0.0841397 0.0830427 0.0830427 0.0830427 0.0753993 0.0896374 0.0830427 0.0841397 0.0378908 0.0000000 0.1082992 0.1698213 0.1118887 
uc001ggs.5_tupBel1_10_13 0.1425705 0.1337811 0.1337811 0.1447479 0.1425705 0.1515073 0.1447479 0.1447479 0.1515073 0.1515073 0.1515073 0.1425705 0.1918432 0.1851545 0.1631289 0.1318393 0.1082992 0.0000000 0.2740101 0.1698213 
uc001ggs.5_mm10_10_13    0.1983820 0.1983820 0.1983820 0.2117354 0.2081877 0.1983820 0.2117354 0.2117354 0.1983820 0.1983820 0.2081877 0.1983820 0.2145082 0.1920766 0.1857065 0.1763799 0.1698213 0.2740101 0.0000000 0.2014808 
uc001ggs.5_canFam3_10_13 0.1492341 0.1404661 0.1404661 0.1515073 0.1492341 0.1404661 0.1515073 0.1515073 0.1492341 0.1492341 0.1492341 0.1404661 0.1557779 0.1492341 0.1337811 0.1025954 0.1118887 0.1698213 0.2014808 0.0000000 
