18
uc001ggs.5_hg38_1_13    0.0000000 0.0356230 0.0173836 0.0173836 0.0356230 0.0351445 0.0351445 0.0351445 0.0540382 0.0728685 0.1319330 0.0921226 0.2293849 0.2168798 0.1735134 0.2909689 0.4904501 0.2909689 
uc001ggs.5_panTro4_1_13 0.0356230 0.0000000 0.0176136 0.0176136 0.0361152 0.0356230 0.0356230 0.0356230 0.0548077 0.0739384 0.1340616 0.0935178 0.2339609 0.2208604 0.1764984 0.2970400 0.5074406 0.2970400 
uc001ggs.5_panPan1_1_13 0.0173836 0.0176136 0.0000000 0.0000010 0.0176136 0.0173836 0.0173836 0.0173836 0.0356230 0.0540382 0.1118081 0.0728685 0.2058324 0.1949739 0.1525001 0.2671348 0.5241439 0.2671348 
uc001ggs.5_gorGor3_1_13 0.0173836 0.0176136 0.0000010 0.0000000 0.0176136 0.0173836 0.0173836 0.0173836 0.0356230 0.0540382 0.1118081 0.0728685 0.2058324 0.1949739 0.1525001 0.2671348 0.5241439 0.2671348 
uc001ggs.5_ponAbe2_1_13 0.0356230 0.0361152 0.0176136 0.0176136 0.0000000 0.0356230 0.0356230 0.0356230 0.0548077 0.0351445 0.0907721 0.0532911 0.2339609 0.2208604 0.1764984 0.2970400 0.4754423 0.2970400 
uc001ggs.5_nomLeu3_1_13 0.0351445 0.0356230 0.0173836 0.0173836 0.0356230 0.0000000 0.0351445 0.0351445 0.0540382 0.0728685 0.0921226 0.0540382 0.1828485 0.1735134 0.1735134 0.2437615 0.5584013 0.2909689 
uc001ggs.5_rheMac3_1_13 0.0351445 0.0356230 0.0173836 0.0173836 0.0356230 0.0351445 0.0000000 0.0000010 0.0176136 0.0356230 0.1319330 0.0921226 0.2293849 0.2168798 0.1735134 0.2909689 0.5584013 0.2909689 
uc001ggs.5_macFas5_1_13 0.0351445 0.0356230 0.0173836 0.0173836 0.0356230 0.0351445 0.0000010 0.0000000 0.0176136 0.0356230 0.1319330 0.0921226 0.2293849 0.2168798 0.1735134 0.2909689 0.5584013 0.2909689 
uc001ggs.5_papAnu2_1_13 0.0540382 0.0548077 0.0356230 0.0356230 0.0548077 0.0540382 0.0176136 0.0176136 0.0000000 0.0548077 0.1550405 0.1135566 0.2339609 0.2437615 0.1984384 0.3220476 0.6158780 0.3220476 
uc001ggs.5_rhiRox1_1_13 0.0728685 0.0739384 0.0540382 0.0540382 0.0351445 0.0728685 0.0356230 0.0356230 0.0548077 0.0000000 0.1298794 0.0907721 0.2841852 0.2671348 0.2208604 0.3475256 0.5399095 0.2970400 
uc001ggs.5_calJac3_1_13 0.1319330 0.1340616 0.1118081 0.1118081 0.0907721 0.0921226 0.1319330 0.1319330 0.1550405 0.1298794 0.0000000 0.0351445 0.2587602 0.1984384 0.2437615 0.2725242 0.5074406 0.3734457 
uc001ggs.5_saiBol1_1_13 0.0921226 0.0935178 0.0728685 0.0728685 0.0532911 0.0540382 0.0921226 0.0921226 0.1135566 0.0907721 0.0351445 0.0000000 0.2587602 0.1984384 0.1984384 0.3220476 0.5727399 0.3734457 
uc001ggs.5_tarSyr2_1_13 0.2293849 0.2339609 0.2058324 0.2058324 0.2339609 0.1828485 0.2293849 0.2293849 0.2339609 0.2841852 0.2587602 0.2587602 0.0000000 0.3102310 0.3102310 0.3450208 0.7218175 0.5543655 
uc001ggs.5_micMur1_1_13 0.2168798 0.2208604 0.1949739 0.1949739 0.2208604 0.1735134 0.2168798 0.2168798 0.2437615 0.2671348 0.1984384 0.1984384 0.3102310 0.0000000 0.1550405 0.2250237 0.7648173 0.4264622 
uc001ggs.5_otoGar3_1_13 0.1735134 0.1764984 0.1525001 0.1525001 0.1764984 0.1735134 0.1735134 0.1735134 0.1984384 0.2208604 0.2437615 0.1984384 0.3102310 0.1550405 0.0000000 0.2620057 0.7648173 0.3734457 
uc001ggs.5_tupBel1_1_13 0.2909689 0.2970400 0.2671348 0.2671348 0.2970400 0.2437615 0.2909689 0.2909689 0.3220476 0.3475256 0.2725242 0.3220476 0.3450208 0.2250237 0.2620057 0.0000000 0.8783937 0.4654039 
uc001ggs.5_mm10_1_13    0.4904501 0.5074406 0.5241439 0.5241439 0.4754423 0.5584013 0.5584013 0.5584013 0.6158780 0.5399095 0.5074406 0.5727399 0.7218175 0.7648173 0.7648173 0.8783937 0.0000000 0.5857800 
uc001ggs.5_canFam3_1_13 0.2909689 0.2970400 0.2671348 0.2671348 0.2970400 0.2909689 0.2909689 0.2909689 0.3220476 0.2970400 0.3734457 0.3734457 0.5543655 0.4264622 0.3734457 0.4654039 0.5857800 0.0000000 
