18
uc001ggs.5_hg38_6_13    0.0000000 0.0263107 0.0263107 0.0263107 0.0263107 0.0268062 0.0555636 0.0555636 0.0268062 0.1149429 0.0000010 0.0813526 0.3657631 0.0544705 0.1124737 0.2811383 0.6385005 0.2395371 
uc001ggs.5_panTro4_6_13 0.0263107 0.0000000 0.0000010 0.0534218 0.0534218 0.0544705 0.0847604 0.0847604 0.0544705 0.1461329 0.0263107 0.1101181 0.4054700 0.0830188 0.1428495 0.3173684 0.5942892 0.2735705 
uc001ggs.5_panPan1_6_13 0.0263107 0.0000010 0.0000000 0.0534218 0.0534218 0.0544705 0.0847604 0.0847604 0.0544705 0.1461329 0.0263107 0.1101181 0.4054700 0.0830188 0.1428495 0.3173684 0.5942892 0.2735705 
uc001ggs.5_gorGor3_6_13 0.0263107 0.0534218 0.0534218 0.0000000 0.0534218 0.0544705 0.0847604 0.0847604 0.0544705 0.1461329 0.0263107 0.0534218 0.3269930 0.0830188 0.1428495 0.2458658 0.5942892 0.2063890 
uc001ggs.5_ponAbe2_6_13 0.0263107 0.0534218 0.0534218 0.0534218 0.0000000 0.0544705 0.0847604 0.0847604 0.0544705 0.1461329 0.0263107 0.1101181 0.4054700 0.0830188 0.1428495 0.3173684 0.6823212 0.2735705 
uc001ggs.5_nomLeu3_6_13 0.0268062 0.0544705 0.0544705 0.0544705 0.0544705 0.0000000 0.0865843 0.0865843 0.0555636 0.1495940 0.0268062 0.1124737 0.4197941 0.0847604 0.1461329 0.3269930 0.7152534 0.2458658 
uc001ggs.5_rheMac3_6_13 0.0555636 0.0847604 0.0847604 0.0847604 0.0847604 0.0865843 0.0000000 0.0000010 0.0268062 0.0534218 0.0555636 0.1461329 0.4808942 0.1175360 0.1827854 0.3374208 0.7032244 0.2395371 
uc001ggs.5_macFas5_6_13 0.0555636 0.0847604 0.0847604 0.0847604 0.0847604 0.0865843 0.0000010 0.0000000 0.0268062 0.0534218 0.0555636 0.1461329 0.4808942 0.1175360 0.1827854 0.3374208 0.7032244 0.2395371 
uc001ggs.5_chlSab2_6_13 0.0268062 0.0544705 0.0544705 0.0544705 0.0544705 0.0555636 0.0268062 0.0268062 0.0000000 0.0830188 0.0268062 0.1124737 0.4197941 0.0847604 0.1461329 0.2892577 0.6685124 0.2014788 
uc001ggs.5_nasLar1_6_13 0.1149429 0.1461329 0.1461329 0.1461329 0.1461329 0.1495940 0.0534218 0.0534218 0.0830188 0.0000000 0.1149429 0.1461329 0.4356197 0.1827854 0.1827854 0.4197941 0.7534853 0.3084422 
uc001ggs.5_calJac3_6_13 0.0000010 0.0263107 0.0263107 0.0263107 0.0263107 0.0268062 0.0555636 0.0555636 0.0268062 0.1149429 0.0000000 0.0813526 0.3657631 0.0544705 0.1124737 0.2811383 0.6385005 0.2395371 
uc001ggs.5_saiBol1_6_13 0.0813526 0.1101181 0.1101181 0.0534218 0.1101181 0.1124737 0.1461329 0.1461329 0.1124737 0.1461329 0.0813526 0.0000000 0.2526232 0.0830188 0.1428495 0.2458658 0.5942892 0.2063890 
uc001ggs.5_tarSyr2_6_13 0.3657631 0.4054700 0.4054700 0.3269930 0.4054700 0.4197941 0.4808942 0.4808942 0.4197941 0.4356197 0.3657631 0.2526232 0.0000000 0.3780507 0.3780507 0.4356197 0.4808942 0.4625058 
uc001ggs.5_micMur1_6_13 0.0544705 0.0830188 0.0830188 0.0830188 0.0830188 0.0847604 0.1175360 0.1175360 0.0847604 0.1827854 0.0544705 0.0830188 0.3780507 0.0000000 0.1101181 0.2892577 0.6685124 0.2458658 
uc001ggs.5_otoGar3_6_13 0.1124737 0.1428495 0.1428495 0.1428495 0.1428495 0.1461329 0.1827854 0.1827854 0.1461329 0.1827854 0.1124737 0.1428495 0.3780507 0.1101181 0.0000000 0.3657631 0.7611262 0.3173684 
uc001ggs.5_tupBel1_6_13 0.2811383 0.3173684 0.3173684 0.2458658 0.3173684 0.3269930 0.3374208 0.3374208 0.2892577 0.4197941 0.2811383 0.2458658 0.4356197 0.2892577 0.3657631 0.0000000 0.5015763 0.2526232 
uc001ggs.5_mm10_6_13    0.6385005 0.5942892 0.5942892 0.5942892 0.6823212 0.7152534 0.7032244 0.7032244 0.6685124 0.7534853 0.6385005 0.5942892 0.4808942 0.6685124 0.7611262 0.5015763 0.0000000 0.6213084 
uc001ggs.5_canFam3_6_13 0.2395371 0.2735705 0.2735705 0.2063890 0.2735705 0.2458658 0.2395371 0.2395371 0.2014788 0.3084422 0.2395371 0.2063890 0.4625058 0.2458658 0.3173684 0.2526232 0.6213084 0.0000000 
